-0.0152815 0.0190451 -0.0859116
-0.0152815 0.0138945 -0.0838363
-0.0238178 0.0190451 -0.0838363
-0.00328153 0.0190451 -0.0868796
-0.00328153 0.0115011 -0.0838363
0.00871846 0.0190451 -0.0862853
0.00871846 0.01295 -0.0838363
0.0207185 0.0190451 -0.0841779
0.0207185 0.0182054 -0.0838363
0.0218818 0.0190451 -0.0838363
-0.0272815 0.0310451 -0.0865043
-0.0272815 0.0219082 -0.0838363
-0.0346128 0.0310451 -0.0838363
-0.0152815 0.0310451 -0.0888905
-0.00328153 0.0310451 -0.0886514
0.00871846 0.0310451 -0.0888023
0.0207185 0.0310451 -0.0877331
0.0327184 0.0310451 -0.0842086
0.0327184 0.0297737 -0.0838363
0.0335492 0.0310451 -0.0838363
-0.0392815 0.0430451 -0.0843925
-0.0392815 0.0401788 -0.0838363
-0.0404632 0.0430451 -0.0838363
-0.0272815 0.0430451 -0.0887313
-0.0152815 0.0430451 -0.0882184
-0.00328153 0.0430451 -0.0875095
0.00871846 0.0430451 -0.0880015
0.0207185 0.0430451 -0.0889547
0.0327184 0.0430451 -0.0864738
0.0385844 0.0430451 -0.0838363
-0.0428434 0.0550451 -0.0838363
-0.0392815 0.0550451 -0.085508
-0.0272815 0.0550451 -0.0889373
-0.0152815 0.0550451 -0.0874972
-0.00328153 0.0550451 -0.085823
0.00871846 0.0550451 -0.0870776
0.0207185 0.0550451 -0.0887278
0.0327184 0.0550451 -0.0875293
0.0409304 0.0550451 -0.0838363
-0.0428045 0.0670451 -0.0838363
-0.0392815 0.0670451 -0.0854853
-0.0272815 0.0670451 -0.088978
-0.0152815 0.0670451 -0.0876084
-0.00328153 0.0670451 -0.0861054
0.00871846 0.0670451 -0.087248
0.0207185 0.0670451 -0.0887876
0.0327184 0.0670451 -0.0874835
0.0408302 0.0670451 -0.0838363
-0.0403147 0.0790451 -0.0838363
-0.0392815 0.0790451 -0.0843195
-0.0272815 0.0790451 -0.0886366
-0.0152815 0.0790451 -0.0883807
-0.00328153 0.0790451 -0.0878265
0.00871846 0.0790451 -0.0882432
0.0207185 0.0790451 -0.089071
0.0327184 0.0790451 -0.0863331
0.0382635 0.0790451 -0.0838363
-0.0392815 0.0816577 -0.0838363
-0.0346724 0.0910451 -0.0838363
-0.0272815 0.0910451 -0.0865
-0.0152815 0.0910451 -0.0889945
-0.00328153 0.0910451 -0.0888237
0.00871846 0.0910451 -0.0889564
0.0207185 0.0910451 -0.0876651
0.0327184 0.0910451 -0.0841391
0.0333907 0.0910451 -0.0838363
-0.0272815 0.100904 -0.0838363
-0.0249494 0.103045 -0.0838363
-0.0152815 0.103045 -0.0862262
-0.00328153 0.103045 -0.0871647
0.00871846 0.103045 -0.0865205
0.0207185 0.103045 -0.084376
0.0327184 0.0921513 -0.0838363
0.0225427 0.103045 -0.0838363
-0.0152815 0.109644 -0.0838363
-0.00328153 0.112221 -0.0838363
0.00871846 0.110442 -0.0838363
0.0207185 0.104504 -0.0838363
-0.0272815 -0.208955 -0.0721636
-0.0272815 -0.209756 -0.0718363
-0.0279973 -0.208955 -0.0718363
-0.0152815 -0.208955 -0.0754114
-0.0152815 -0.214662 -0.0718363
-0.00328153 -0.208955 -0.0770513
-0.00328153 -0.215602 -0.0718363
0.00871846 -0.208955 -0.0770136
0.00871846 -0.215564 -0.0718363
0.0207185 -0.208955 -0.0752774
0.0207185 -0.214474 -0.0718363
0.0327184 -0.208955 -0.0719319
0.0327184 -0.209191 -0.0718363
0.0329238 -0.208955 -0.0718363
-0.0272815 -0.208644 -0.0718363
-0.0152815 -0.206012 -0.0718363
-0.00328153 -0.205018 -0.0718363
0.00871846 -0.205041 -0.0718363
0.0207185 -0.206111 -0.0718363
0.0327184 -0.208863 -0.0718363
-0.0152815 -0.00495492 -0.0737537
-0.0152815 -0.00752513 -0.0718363
-0.0226829 -0.00495492 -0.0718363
-0.00328153 -0.00495492 -0.0750245
-0.00328153 -0.00928847 -0.0718363
0.00871846 -0.00495492 -0.0744034
0.00871846 -0.00846072 -0.0718363
0.0207185 -0.00495492 -0.0719224
0.0207185 -0.00507163 -0.0718363
0.0209594 -0.00495492 -0.0718363
0.0207185 -0.00507164 -0.0718363
-0.0392815 0.00704506 -0.0728143
-0.0392815 0.00537492 -0.0718363
-0.0410172 0.00704506 -0.0718363
-0.0272815 0.00704506 -0.0773018
-0.0272815 -0.00277258 -0.0718363
-0.0152815 0.00704506 -0.0764906
-0.00328153 0.00704506 -0.0744268
0.00871846 0.00704506 -0.075607
0.0207185 0.00704506 -0.0771139
0.0327184 0.00704506 -0.0749123
0.0327184 0.00196873 -0.0718363
0.0389154 0.00704506 -0.0718363
-0.0504719 0.0190451 -0.0718363
-0.0392815 0.0190451 -0.0774048
-0.0272815 0.0181499 -0.0718363
-0.0282133 0.0190451 -0.0718363
-0.0152815 0.0111195 -0.0718363
-0.0152815 0.0190451 -0.0792891
-0.00328153 0.0190451 -0.0791059
-0.00328153 0.00819337 -0.0718363
0.00871846 0.0190451 -0.0793229
0.00871846 0.00957853 -0.0718363
0.0207185 0.0190451 -0.0817616
0.0207185 0.015273 -0.0718363
0.0253166 0.0190451 -0.0718363
0.0327184 0.0190451 -0.0772673
0.0447185 0.0190451 -0.0745097
0.0447185 0.0132051 -0.0718363
0.0488341 0.0190451 -0.0718363
-0.0512815 0.0310451 -0.075611
-0.0512815 0.0201252 -0.0718363
-0.0567188 0.0310451 -0.0718363
-0.0504718 0.0190451 -0.0718363
-0.0392815 0.0310451 -0.0758958
-0.0272815 0.0310451 -0.0790963
-0.037178 0.0310451 -0.0718363
-0.0152815 0.0310451 -0.079037
-0.00328153 0.0310451 -0.080144
0.00871846 0.0310451 -0.079528
0.0207185 0.0310451 -0.0787765
0.0327184 0.0310451 -0.0807716
0.0327184 0.0275083 -0.0718363
0.0350218 0.0310451 -0.0718363
0.0447185 0.0310451 -0.077563
0.0543685 0.0310451 -0.0718363
-0.0602853 0.0430451 -0.0718363
-0.0512815 0.0430451 -0.0779164
-0.0419715 0.0430451 -0.0718363
-0.0392815 0.0355435 -0.0718363
-0.0392815 0.0430451 -0.0806076
-0.0272815 0.0430451 -0.0786368
-0.0152815 0.0430451 -0.0813234
-0.00328153 0.0430451 -0.0823618
0.00871846 0.0430451 -0.0817451
0.0207185 0.0430451 -0.0794746
0.0327184 0.0430451 -0.0786113
0.0399679 0.0430451 -0.0718363
0.0447185 0.0430451 -0.0772159
0.0567184 0.0430451 -0.0731775
0.0567184 0.0368872 -0.0718363
0.0584172 0.0430451 -0.0718363
-0.0617734 0.0550451 -0.0718363
-0.0512815 0.0550451 -0.0779355
-0.0392815 0.0550451 -0.07917
-0.0439726 0.0550451 -0.0718363
-0.0272815 0.0550451 -0.0793329
-0.0152815 0.0550451 -0.0823723
-0.00328153 0.0550451 -0.0833735
0.00871846 0.0550451 -0.0827529
0.0207185 0.0550451 -0.0805137
0.0327184 0.0550451 -0.07841
0.0422244 0.0550451 -0.0718363
0.0447185 0.0550451 -0.0767316
0.0567184 0.0550451 -0.0744083
0.0599807 0.0550451 -0.0718363
-0.0618066 0.0670451 -0.0718363
-0.0512815 0.0670451 -0.0779808
-0.0392815 0.0670451 -0.0791098
-0.0438257 0.0670451 -0.0718363
-0.0272815 0.0670451 -0.0792499
-0.0152815 0.0670451 -0.0822905
-0.00328153 0.0670451 -0.0832852
0.00871846 0.0670451 -0.0826578
0.0207185 0.0670451 -0.080411
0.0327184 0.0670451 -0.078372
0.0420035 0.0670451 -0.0718363
0.0447185 0.0670451 -0.0768985
0.0567184 0.0670451 -0.0743538
0.0599152 0.0670451 -0.0718363
-0.0603767 0.0790451 -0.0718363
-0.0512815 0.0790451 -0.0780013
-0.0392815 0.0790451 -0.0805416
-0.0415696 0.0790451 -0.0718363
-0.0272815 0.0790451 -0.0786015
-0.0152815 0.0790451 -0.0810998
-0.00328153 0.0790451 -0.0821192
0.00871846 0.0790451 -0.0814807
0.0207185 0.0790451 -0.0791899
0.0327184 0.0790451 -0.0785043
0.0393541 0.0790451 -0.0718363
0.0447185 0.0790451 -0.0774139
0.0567184 0.0790451 -0.0730089
0.0582075 0.0790451 -0.0718363
-0.056924 0.0910451 -0.0718363
-0.0512815 0.0910451 -0.0757115
-0.0392815 0.0853976 -0.0718363
-0.0392815 0.0910451 -0.07658
-0.0272815 0.0910451 -0.0789697
-0.0366702 0.0910451 -0.0718363
-0.0152815 0.0910451 -0.0788205
-0.00328153 0.0910451 -0.0798984
0.00871846 0.0910451 -0.0792457
0.0207185 0.0910451 -0.0786371
0.0327184 0.0910451 -0.0803829
0.0343187 0.0910451 -0.0718363
0.0447185 0.0910451 -0.0776968
0.0567184 0.084591 -0.0718363
0.0543614 0.0910451 -0.0718363
-0.0513879 0.103045 -0.0718363
-0.0512815 0.103045 -0.0719094
-0.0392815 0.103045 -0.0775813
-0.0284647 0.103045 -0.0718363
-0.0152815 0.103045 -0.0789096
-0.00328153 0.103045 -0.078852
0.00871846 0.103045 -0.0790332
0.0207185 0.103045 -0.0807372
0.0327184 0.103045 -0.0775541
0.0250542 0.103045 -0.0718363
0.0327184 0.0936415 -0.0718363
0.0447185 0.103045 -0.0747354
0.0491663 0.103045 -0.0718363
-0.0512815 0.103215 -0.0718363
-0.0427245 0.115045 -0.0718363
-0.0392815 0.115045 -0.073762
-0.0272815 0.115045 -0.0773371
-0.0272815 0.104311 -0.0718363
-0.0152815 0.115045 -0.0764653
-0.0152815 0.111881 -0.0718363
-0.00328153 0.115011 -0.0718363
-0.00328153 0.115045 -0.0719915
0.00871846 0.113318 -0.0718363
0.00871846 0.115045 -0.0752942
0.0207185 0.106938 -0.0718363
0.0207185 0.115045 -0.0772707
0.0327184 0.115045 -0.0756912
0.0447185 0.110042 -0.0718363
0.0404863 0.115045 -0.0718363
-0.0392815 0.11874 -0.0718363
-0.0290473 0.127045 -0.0718363
-0.0272815 0.127045 -0.0725751
-0.0152815 0.127045 -0.0756769
-0.00328153 0.127045 -0.0768671
0.00871846 0.127045 -0.076166
0.0207185 0.127045 -0.0736306
0.0327184 0.12225 -0.0718363
0.0257087 0.127045 -0.0718363
-0.0392815 -0.208955 -0.0649725
-0.0392815 -0.215253 -0.0598363
-0.0464059 -0.208955 -0.0598363
-0.0272815 -0.216233 -0.0598363
-0.0152815 -0.214677 -0.0598363
-0.00328153 -0.21356 -0.0598363
0.00871846 -0.213563 -0.0598363
0.0207185 -0.214695 -0.0598363
0.0327184 -0.216184 -0.0598363
0.0447185 -0.208955 -0.0645139
0.0447185 -0.214815 -0.0598363
0.050972 -0.208955 -0.0598363
-0.0392815 -0.205632 -0.0598363
-0.0272815 -0.203379 -0.0598363
-0.0152815 -0.203184 -0.0598363
-0.00328153 -0.203418 -0.0598363
0.00871846 -0.203418 -0.0598363
0.0207185 -0.203183 -0.0598363
0.0327184 -0.203418 -0.0598363
0.0447185 -0.20589 -0.0598363
-0.0272815 -0.0169549 -0.0598933
-0.0272815 -0.0170075 -0.0598363
-0.0273977 -0.0169549 -0.0598363
-0.0152815 -0.0169549 -0.0636783
-0.0152815 -0.0205 -0.0598363
-0.00328153 -0.0169549 -0.0652431
-0.00328153 -0.0219449 -0.0598363
0.00871846 -0.0169549 -0.0645891
0.00871846 -0.021381 -0.0598363
0.0207185 -0.0169549 -0.0617193
0.0207185 -0.018727 -0.0598363
0.0252369 -0.0169549 -0.0598363
-0.0392815 -0.00495492 -0.0648165
-0.0392815 -0.0106298 -0.0598363
-0.0470014 -0.00495492 -0.0598363
-0.0272815 -0.00495492 -0.0664169
-0.0225474 -0.00495492 -0.0598363
-0.0152815 -0.00976995 -0.0598363
-0.0152815 -0.00495492 -0.0662754
-0.00328153 -0.00495492 -0.0663306
-0.00328153 -0.0103363 -0.0598363
0.00871846 -0.00495492 -0.0664397
0.00871846 -0.0101755 -0.0598363
0.0207185 -0.00495492 -0.0694312
0.0207185 -0.00704196 -0.0598363
0.0327184 -0.00495492 -0.0660441
0.0327184 -0.0124559 -0.0598363
0.0215688 -0.00495492 -0.0598363
0.0447185 -0.00495492 -0.0601554
0.0327184 -0.0124559 -0.0598363
0.0447185 -0.00531662 -0.0598363
0.0451331 -0.00495492 -0.0598363
-0.0512815 0.00704506 -0.0653777
-0.0512815 -0.00106601 -0.0598363
-0.0579317 0.00704506 -0.0598363
-0.0407139 0.00704506 -0.0598363
-0.0392815 0.00541905 -0.0598363
-0.0392815 0.00704506 -0.0647263
-0.0272815 0.00704506 -0.0664295
-0.0272815 -0.00278014 -0.0598363
-0.0272815 -0.00278012 -0.0598363
-0.0152815 0.00704506 -0.0699044
-0.00328153 0.00704506 -0.0712998
0.00871846 0.00704506 -0.070659
0.0207185 0.00704506 -0.0679875
0.0327184 0.00704506 -0.0660103
0.0327184 0.00200164 -0.0598363
0.0383045 0.00704506 -0.0598363
0.0447185 0.00704506 -0.0666176
0.0555227 0.00704506 -0.0598363
-0.0632815 0.0190451 -0.0616801
-0.0632815 0.0157436 -0.0598363
-0.0651112 0.0190451 -0.0598363
-0.0512815 0.0190451 -0.0680951
-0.0392815 0.0190451 -0.0666827
-0.0499936 0.0190451 -0.0598363
0.0327184 0.0190451 -0.0689929
0.0447185 0.0190451 -0.0651124
0.0447185 0.0146762 -0.0598363
0.0567184 0.0190451 -0.0659011
0.0567184 0.00790805 -0.0598363
0.0481522 0.0190451 -0.0598363
0.06323 0.0190451 -0.0598363
-0.0699631 0.0310451 -0.0598363
-0.0632815 0.0310451 -0.0665528
-0.0558278 0.0310451 -0.0598363
-0.0512815 0.0213153 -0.0598363
-0.0512815 0.0310451 -0.0656374
-0.0392815 0.0310451 -0.0708622
0.0447185 0.0310451 -0.0665173
0.0534274 0.0310451 -0.0598363
0.0567184 0.0310451 -0.0677674
0.0667079 0.0310451 -0.0598363
-0.0711645 0.0430451 -0.0598363
-0.0632815 0.0430451 -0.067752
-0.0512815 0.0430451 -0.0660931
-0.0588192 0.0430451 -0.0598363
0.0447185 0.0430451 -0.0692377
0.0567184 0.0430451 -0.0615207
0.0567184 0.0420715 -0.0598363
0.0687185 0.0430451 -0.0623447
0.0687185 0.0333069 -0.0598363
0.0578281 0.0430451 -0.0598363
0.0709966 0.0430451 -0.0598363
-0.0727638 0.0550451 -0.0598363
-0.0512815 0.0550451 -0.0673389
-0.0603414 0.0550451 -0.0598363
0.0447185 0.0550451 -0.0704742
0.0567184 0.0550451 -0.064203
0.0603474 0.0550451 -0.0598363
0.0687185 0.0550451 -0.0637969
0.0723208 0.0550451 -0.0598363
-0.072888 0.0670451 -0.0598363
-0.0632815 0.0670451 -0.0693849
-0.0512815 0.0670451 -0.0672563
-0.0602574 0.0670451 -0.0598363
0.0447185 0.0670451 -0.070354
0.0567184 0.0670451 -0.0640419
0.0601827 0.0670451 -0.0598363
0.0687185 0.0670451 -0.0637433
0.0722767 0.0670451 -0.0598363
-0.0713748 0.0790451 -0.0598363
-0.0632815 0.0790451 -0.0678774
-0.0512815 0.0790451 -0.0658766
-0.0585983 0.0790451 -0.0598363
0.0447185 0.0790451 -0.0689047
0.0567184 0.07834 -0.0598363
0.0566064 0.0790451 -0.0598363
0.0687185 0.0790451 -0.0621776
0.0708526 0.0790451 -0.0598363
-0.0702506 0.0910451 -0.0598363
-0.0632815 0.0910451 -0.0667709
-0.0512815 0.0910451 -0.0653966
-0.055588 0.0910451 -0.0598363
-0.0392815 0.0910451 -0.0706291
0.0447185 0.0910451 -0.0661435
0.0529827 0.0910451 -0.0598363
0.0567184 0.0910451 -0.0679006
0.0687185 0.0884631 -0.0598363
0.0667458 0.0910451 -0.0598363
-0.065818 0.103045 -0.0598363
-0.0632815 0.103045 -0.0623592
-0.0512815 0.101085 -0.0598363
-0.0502698 0.103045 -0.0598363
-0.0392815 0.103045 -0.0667841
0.0327184 0.103045 -0.0688796
0.0447185 0.103045 -0.0647228
0.047899 0.103045 -0.0598363
0.0567184 0.103045 -0.0661809
0.0635618 0.103045 -0.0598363
-0.0632815 0.108042 -0.0598363
-0.0592987 0.115045 -0.0598363
-0.0512815 0.115045 -0.066398
-0.0416443 0.115045 -0.0598363
-0.0392815 0.115045 -0.0649208
-0.0272815 0.115045 -0.0671318
-0.0152815 0.115045 -0.0704995
-0.00328153 0.115045 -0.0718221
0.00871846 0.115045 -0.0711215
0.0207185 0.115045 -0.0684201
0.0327184 0.115045 -0.0656784
0.0447185 0.115045 -0.0672061
0.0389878 0.115045 -0.0598363
0.0447185 0.107561 -0.0598363
0.0567184 0.115045 -0.0603748
0.057299 0.115045 -0.0598363
-0.0512815 0.126217 -0.0598363
-0.0503096 0.127045 -0.0598363
-0.0392815 0.127045 -0.0661812
-0.0392815 0.117754 -0.0598363
-0.0272815 0.127045 -0.0663549
-0.0291367 0.127045 -0.0598363
-0.0152815 0.127045 -0.0665332
-0.00328153 0.127045 -0.0665812
0.00871846 0.127045 -0.066646
0.0207185 0.127045 -0.066925
0.0327184 0.127045 -0.0660636
0.0265724 0.127045 -0.0598363
0.0327184 0.121876 -0.0598363
0.0447185 0.127045 -0.0621248
0.0567184 0.115916 -0.0598363
0.0477192 0.127045 -0.0598363
-0.0512815 -0.208955 -0.0552478
-0.0512815 -0.215637 -0.0478363
-0.0573726 -0.208955 -0.0478363
-0.0392815 -0.215602 -0.0478363
-0.0272815 -0.212675 -0.0478363
-0.0152815 -0.2117 -0.0478363
-0.00328153 -0.211277 -0.0478363
0.00871846 -0.211272 -0.0478363
0.0207185 -0.211695 -0.0478363
0.0327184 -0.21266 -0.0478363
0.0447185 -0.215656 -0.0478363
0.0567184 -0.208955 -0.0544225
0.0567184 -0.215221 -0.0478363
0.0620672 -0.208955 -0.0478363
-0.0512815 -0.205312 -0.0478363
-0.0392815 -0.202997 -0.0478363
-0.0272815 -0.203656 -0.0478363
-0.0152815 -0.203933 -0.0478363
-0.00328153 -0.203984 -0.0478363
0.00871846 -0.203991 -0.0478363
0.0207185 -0.203945 -0.0478363
0.0327184 -0.203659 -0.0478363
0.0447185 -0.202968 -0.0478363
0.0567184 -0.205572 -0.0478363
-0.00328153 -0.0289549 -0.049488
-0.00328153 -0.029937 -0.0478363
-0.013597 -0.0289549 -0.0478363
0.00871846 -0.0289549 -0.0487295
0.00871846 -0.0294871 -0.0478363
0.0116331 -0.0289549 -0.0478363
-0.0392815 -0.0169549 -0.0531382
-0.0392815 -0.0210255 -0.0478363
-0.0458704 -0.0169549 -0.0478363
-0.0272815 -0.0210743 -0.0478363
-0.0218029 -0.0169549 -0.0478363
-0.0152815 -0.0169549 -0.0521643
-0.00328153 -0.0260594 -0.0478363
-0.00328153 -0.0169549 -0.0527983
0.00871846 -0.0169549 -0.0526323
0.00871846 -0.0268992 -0.0478363
0.0204272 -0.0169549 -0.0478363
0.0207185 -0.017401 -0.0478363
0.0327184 -0.0169549 -0.0554721
0.0327184 -0.0224 -0.0478363
0.0441703 -0.0169549 -0.0478363
-0.0512815 -0.00495492 -0.0559273
-0.0512815 -0.0123108 -0.0478363
-0.0590373 -0.00495492 -0.0478363
-0.0437083 -0.00495492 -0.0478363
-0.0392815 -0.0101382 -0.0478363
-0.0392815 -0.00495492 -0.0526542
-0.0272815 -0.0151685 -0.0478363
-0.0272815 -0.00495492 -0.0581709
0.0207185 -0.0168781 -0.0478363
0.0327184 -0.0113495 -0.0478363
0.0327184 -0.00495492 -0.0543747
0.041853 -0.00495492 -0.0478363
0.0447185 -0.0155392 -0.0478363
0.0567184 -0.00495492 -0.0493504
0.0567184 -0.00640322 -0.0478363
0.058038 -0.00495492 -0.0478363
-0.0632815 0.00704506 -0.0542865
-0.0632815 -0.000545844 -0.0478363
-0.0686072 0.00704506 -0.0478363
-0.0557282 0.00704506 -0.0478363
-0.0512815 0.00276384 -0.0478363
-0.0512815 0.00704506 -0.0520966
0.0447185 0.00704506 -0.055382
0.0447185 -0.00243118 -0.0478363
0.0567184 0.00704506 -0.058307
0.0530096 0.00704506 -0.0478363
0.0641819 0.00704506 -0.0478363
-0.0725321 0.0190451 -0.0478363
-0.0512815 0.0190451 -0.058841
-0.0619339 0.0190451 -0.0478363
0.0567184 0.0190451 -0.0522577
0.0567184 0.0127605 -0.0478363
0.0687185 0.0190451 -0.0534746
0.0687185 0.0106634 -0.0478363
0.0619805 0.0190451 -0.0478363
0.0729195 0.0190451 -0.0478363
-0.0752815 0.0310451 -0.0533081
-0.0752815 0.0200226 -0.0478363
-0.0791332 0.0310451 -0.0478363
-0.0632815 0.0310451 -0.0521269
-0.0687391 0.0310451 -0.0478363
-0.0632815 0.0222065 -0.0478363
-0.0752815 0.0200225 -0.0478363
0.0567184 0.0310451 -0.0568894
0.0646738 0.0310451 -0.0478363
0.0687185 0.0310451 -0.0584665
0.0750497 0.0310451 -0.0478363
-0.0813749 0.0430451 -0.0478363
-0.0752815 0.0430451 -0.0567646
-0.0632815 0.0430451 -0.0552543
-0.0694744 0.0430451 -0.0478363
0.0675092 0.0430451 -0.0478363
0.0756684 0.0430451 -0.0478363
-0.0814147 0.0550451 -0.0478363
-0.0752815 0.0550451 -0.0582775
-0.0632815 0.0550451 -0.0568365
-0.0708154 0.0550451 -0.0478363
0.0687185 0.0550451 -0.0481617
0.0687185 0.0541459 -0.0478363
0.0687185 0.0541459 -0.0478363
0.070986 0.0550451 -0.0478363
0.0807185 0.0550451 -0.0484221
0.0807185 0.0511616 -0.0478363
0.0811036 0.0550451 -0.0478363
-0.0814775 0.0670451 -0.0478363
-0.0752815 0.0670451 -0.0583411
-0.0632815 0.0670451 -0.0567673
-0.0707744 0.0670451 -0.0478363
0.0687185 0.0670451 -0.0478363
0.0807185 0.0670451 -0.0483781
0.0810751 0.0670451 -0.0478363
-0.0814989 0.0790451 -0.0478363
-0.0752815 0.0790451 -0.0568853
-0.0632815 0.0790451 -0.0551061
-0.0693942 0.0790451 -0.0478363
0.0567184 0.0790451 -0.0597365
0.0672392 0.0790451 -0.0478363
0.0807185 0.070448 -0.0478363
0.0759163 0.0790451 -0.0478363
-0.0794582 0.0910451 -0.0478363
-0.0752815 0.0910451 -0.0537164
-0.0632815 0.0910451 -0.052092
-0.0685862 0.0910451 -0.0478363
0.0567184 0.0910451 -0.05651
0.0643921 0.0910451 -0.0478363
0.0687185 0.0910451 -0.0584201
0.0752343 0.0910451 -0.0478363
-0.0756357 0.103045 -0.0478363
-0.0752815 0.103045 -0.0483337
-0.0632815 0.100989 -0.0478363
-0.0512815 0.103045 -0.059063
-0.0624798 0.103045 -0.0478363
0.0567184 0.103045 -0.0520686
0.0616624 0.103045 -0.0478363
0.0687185 0.103045 -0.0539307
0.0733275 0.103045 -0.0478363
-0.0752815 0.103862 -0.0478363
-0.0700089 0.115045 -0.0478363
-0.0632815 0.115045 -0.0558515
-0.0558939 0.115045 -0.0478363
-0.0512815 0.115045 -0.0524465
0.0447185 0.115045 -0.0559337
0.0567184 0.109804 -0.0478363
0.0536685 0.115045 -0.0478363
0.0658669 0.115045 -0.0478363
0.0687185 0.113307 -0.0478363
-0.0632815 0.126296 -0.0478363
-0.0617902 0.127045 -0.0478363
-0.0512815 0.127045 -0.0581974
-0.0512815 0.121898 -0.0478363
-0.0392815 0.127045 -0.0543579
-0.0474557 0.127045 -0.0478363
0.0327184 0.127045 -0.0568714
0.0447185 0.127045 -0.0502513
0.0464652 0.127045 -0.0478363
0.0567184 0.127045 -0.0517995
0.0602286 0.127045 -0.0478363
-0.0632815 -0.208955 -0.039369
-0.0632815 -0.212837 -0.0358363
-0.0651288 -0.208955 -0.0358363
-0.0512815 -0.216108 -0.0358363
-0.0392815 -0.212581 -0.0358363
-0.0272815 -0.211244 -0.0358363
-0.0152815 -0.21024 -0.0358363
-0.00328153 -0.20948 -0.0358363
0.00871846 -0.209542 -0.0358363
0.0207185 -0.210306 -0.0358363
0.0327184 -0.211281 -0.0358363
0.0447185 -0.212587 -0.0358363
0.0567184 -0.216089 -0.0358363
0.0687185 -0.208955 -0.0380929
0.0687185 -0.211593 -0.0358363
0.0698987 -0.208955 -0.0358363
-0.0651288 -0.208955 -0.0358363
-0.0632815 -0.207386 -0.0358363
-0.0512815 -0.203184 -0.0358363
-0.0392815 -0.203694 -0.0358363
-0.0272815 -0.203935 -0.0358363
-0.0152815 -0.203609 -0.0358363
-0.00328153 -0.202192 -0.0358363
0.00871846 -0.202764 -0.0358363
0.0207185 -0.203802 -0.0358363
0.0327184 -0.203983 -0.0358363
0.0447185 -0.203689 -0.0358363
0.0567184 -0.203264 -0.0358363
0.0687185 -0.207909 -0.0358363
-0.0272815 -0.0289549 -0.0419199
-0.0272815 -0.0318138 -0.0358363
-0.0353024 -0.0289549 -0.0358363
-0.0152815 -0.0289549 -0.0473607
-0.0152815 -0.0338368 -0.0358363
-0.00328153 -0.0337774 -0.0358363
0.00871846 -0.0338093 -0.0358363
0.0207185 -0.0289549 -0.0444609
0.0207185 -0.0332284 -0.0358363
0.0327184 -0.0289549 -0.0366519
0.0327184 -0.029339 -0.0358363
0.0336356 -0.0289549 -0.0358363
-0.0512815 -0.0169549 -0.0422319
-0.0512815 -0.0207873 -0.0358363
-0.0563714 -0.0169549 -0.0358363
-0.0399424 -0.0169549 -0.0358363
-0.0392815 -0.0169549 -0.0364578
-0.0272815 -0.0246871 -0.0358363
-0.0272815 -0.0169549 -0.045207
-0.0152815 -0.0251272 -0.0358363
-0.00328153 -0.0264443 -0.0358363
0.00871846 -0.025827 -0.0358363
0.0207185 -0.0242771 -0.0358363
0.0207185 -0.0169549 -0.0477216
0.0327184 -0.0169549 -0.0400999
0.0327184 -0.027306 -0.0358363
0.0447185 -0.0169549 -0.0471852
0.0447185 -0.0222379 -0.0358363
0.037492 -0.0169549 -0.0358363
0.0533845 -0.0169549 -0.0358363
-0.0632815 -0.00495492 -0.0431837
-0.0632815 -0.0105838 -0.0358363
-0.0680619 -0.00495492 -0.0358363
-0.0632815 -0.0105838 -0.0358363
-0.0558189 -0.00495492 -0.0358363
-0.0512815 -0.0100157 -0.0358363
-0.0512815 -0.00495492 -0.0399697
0.0447185 -0.00495492 -0.045299
0.0447185 -0.0123389 -0.0358363
0.0527149 -0.00495492 -0.0358363
0.0567184 -0.0130611 -0.0358363
0.0638783 -0.00495492 -0.0358363
-0.0752815 0.00704506 -0.0370476
-0.0752815 0.00593859 -0.0358363
-0.0759518 0.00704506 -0.0358363
-0.0694046 0.00704506 -0.0358363
-0.0632815 0.00539146 -0.0358363
-0.0632815 0.00704506 -0.0373706
0.0567184 0.00704506 -0.0433634
0.0567184 -0.000181258 -0.0358363
0.0623642 0.00704506 -0.0358363
0.0687185 0.00704506 -0.0449208
0.0687185 -0.00154614 -0.0358363
0.0741098 0.00704506 -0.0358363
-0.0810411 0.0190451 -0.0358363
-0.0752815 0.0190451 -0.0471235
-0.0632815 0.0190451 -0.0461294
-0.0700214 0.0190451 -0.0358363
0.0682524 0.0190451 -0.0358363
0.0723493 0.0190451 -0.0358363
-0.0800312 0.0310451 -0.0358363
-0.0741938 0.0310451 -0.0358363
0.0687185 0.0310451 -0.0418934
0.0687185 0.0202853 -0.0358363
0.0754008 0.0310451 -0.0358363
0.0807185 0.0310451 -0.04154
0.0807185 0.0220486 -0.0358363
0.083597 0.0310451 -0.0358363
-0.0872815 0.0430451 -0.0375675
-0.0872815 0.038905 -0.0358363
-0.0881296 0.0430451 -0.0358363
-0.0752815 0.0430451 -0.0385314
-0.082953 0.0430451 -0.0358363
-0.0752815 0.0359936 -0.0358363
0.0687185 0.0430451 -0.0460708
0.075148 0.0430451 -0.0358363
0.0807185 0.0430451 -0.0463196
0.0860511 0.0430451 -0.0358363
-0.0893445 0.0550451 -0.0358363
-0.0872815 0.0550451 -0.0400384
-0.0752815 0.0550451 -0.0407107
-0.0821248 0.0550451 -0.0358363
0.0760402 0.0550451 -0.0358363
0.08623 0.0550451 -0.0358363
-0.0893855 0.0670451 -0.0358363
-0.0872815 0.0670451 -0.0401217
-0.0752815 0.0670451 -0.0406723
-0.0820579 0.0670451 -0.0358363
0.0759735 0.0670451 -0.0358363
0.086266 0.0670451 -0.0358363
-0.0882556 0.0790451 -0.0358363
-0.0872815 0.0790451 -0.0378208
-0.0752815 0.0790451 -0.0385134
-0.0825907 0.0790451 -0.0358363
0.0687185 0.0790451 -0.0457098
0.0750805 0.0790451 -0.0358363
0.0807185 0.0790451 -0.0461621
0.0860206 0.0790451 -0.0358363
-0.0872815 0.0842645 -0.0358363
-0.0752815 0.0865967 -0.0358363
-0.0802497 0.0910451 -0.0358363
-0.0743541 0.0910451 -0.0358363
0.0687185 0.0910451 -0.0416317
0.0751841 0.0910451 -0.0358363
0.0807185 0.0910451 -0.0416822
0.0837182 0.0910451 -0.0358363
-0.0811461 0.103045 -0.0358363
-0.0632815 0.103045 -0.0468379
-0.0705676 0.103045 -0.0358363
0.0687185 0.102479 -0.0358363
0.0685229 0.103045 -0.0358363
0.0718102 0.103045 -0.0358363
0.0807185 0.101332 -0.0358363
-0.0775642 0.115045 -0.0358363
-0.0752815 0.115045 -0.0398153
-0.0685689 0.115045 -0.0358363
-0.0632815 0.115045 -0.0386497
0.0567184 0.115045 -0.0442174
0.0687185 0.115045 -0.046399
0.0627513 0.115045 -0.0358363
0.0747005 0.115045 -0.0358363
-0.0752815 0.119368 -0.0358363
-0.0696405 0.127045 -0.0358363
-0.0632815 0.127045 -0.0468914
-0.0632815 0.118433 -0.0358363
-0.0512815 0.127045 -0.0440928
-0.0581278 0.127045 -0.0358363
0.0567184 0.12528 -0.0358363
0.0556547 0.127045 -0.0358363
0.0687185 0.127045 -0.0358971
0.0687556 0.127045 -0.0358363
-0.0632815 -0.216085 -0.0238363
-0.0691203 -0.208955 -0.0238363
-0.0512815 -0.213887 -0.0238363
-0.0392815 -0.211629 -0.0238363
-0.0272815 -0.2101 -0.0238363
-0.0203112 -0.208955 -0.0238363
-0.0152815 -0.208955 -0.028522
-0.00328153 -0.208955 -0.0337978
0.00871846 -0.208955 -0.033445
0.0207185 -0.208955 -0.0268477
0.0327184 -0.21031 -0.0238363
0.0237232 -0.208955 -0.0238363
0.0447185 -0.211658 -0.0238363
0.0567184 -0.214022 -0.0238363
0.0687185 -0.21561 -0.0238363
0.0737926 -0.208955 -0.0238363
-0.0632815 -0.204995 -0.0238363
-0.0512815 -0.203372 -0.0238363
-0.0392815 -0.203884 -0.0238363
-0.0272815 -0.2033 -0.0238363
-0.0152815 -0.205216 -0.0238363
-0.0223252 -0.196955 -0.0238363
-0.0152815 -0.196955 -0.0302223
-0.00328153 -0.204595 -0.0238363
-0.00328153 -0.196955 -0.0348411
0.00871846 -0.204573 -0.0238363
0.00871846 -0.196955 -0.0344153
0.0207185 -0.205316 -0.0238363
0.0207185 -0.196955 -0.0282374
0.0251655 -0.196955 -0.0238363
0.0327184 -0.203745 -0.0238363
0.0447185 -0.203934 -0.0238363
0.0567184 -0.203351 -0.0238363
0.0687185 -0.205277 -0.0238363
-0.0152815 -0.194886 -0.0238363
-0.00328153 -0.19137 -0.0238363
0.00871846 -0.191992 -0.0238363
0.0207185 -0.195811 -0.0238363
-0.0152815 -0.0409549 -0.0275802
-0.0152815 -0.0446373 -0.0238363
-0.0204426 -0.0409549 -0.0238363
-0.00328153 -0.0409549 -0.0307998
-0.00328153 -0.049511 -0.0238363
0.00871846 -0.0409549 -0.0296467
0.00871846 -0.0474376 -0.0238363
0.018664 -0.0409549 -0.0238363
-0.0392815 -0.0289549 -0.0318031
-0.0392815 -0.0317459 -0.0238363
-0.0451209 -0.0289549 -0.0238363
-0.0272815 -0.0336472 -0.0238363
-0.0211125 -0.0289549 -0.0238363
-0.0152815 -0.0343039 -0.0238363
-0.0152815 -0.0289549 -0.0280022
-0.0204425 -0.0409549 -0.0238363
-0.00328153 -0.0289549 -0.0315578
-0.00328153 -0.0345618 -0.0238363
0.00871846 -0.0289549 -0.030066
0.00871846 -0.0342182 -0.0238363
0.0192364 -0.0289549 -0.0238363
0.0207185 -0.0331268 -0.0238363
0.0327184 -0.0337104 -0.0238363
0.0434237 -0.0289549 -0.0238363
-0.0512815 -0.0214226 -0.0238363
-0.0627765 -0.0169549 -0.0238363
-0.048224 -0.0169549 -0.0238363
-0.0392815 -0.024715 -0.0238363
-0.0272815 -0.0268043 -0.0238363
0.0207185 -0.0284737 -0.0238363
0.0327184 -0.0241863 -0.0238363
0.0447185 -0.0169549 -0.0268831
0.0567184 -0.0169549 -0.0321653
0.0567184 -0.0206218 -0.0238363
0.0480845 -0.0169549 -0.0238363
0.0610188 -0.0169549 -0.0238363
-0.0632815 -0.016366 -0.0238363
-0.0691049 -0.00495492 -0.0238363
-0.0613855 -0.00495492 -0.0238363
-0.0512815 -0.0147873 -0.0238363
0.0567184 -0.00495492 -0.0290381
0.0567184 -0.00990473 -0.0238363
0.0687185 -0.00495492 -0.0308182
0.0687185 -0.00885767 -0.0238363
0.0621016 -0.00495492 -0.0238363
0.0717325 -0.00495492 -0.0238363
-0.0752815 -0.00223589 -0.0238363
-0.0808246 0.00704506 -0.0238363
-0.0695687 0.00704506 -0.0238363
-0.0632815 -0.0025474 -0.0238363
0.0678936 0.00704506 -0.0238363
0.0724663 0.00704506 -0.0238363
-0.0752815 0.0190451 -0.0239837
-0.0752815 0.0189087 -0.0238363
0.0687185 0.0190451 -0.0348953
0.0687185 0.00861289 -0.0238363
0.0755539 0.0190451 -0.0238363
0.0807185 0.0190451 -0.0333632
0.0807185 0.0106999 -0.0238363
0.084306 0.0190451 -0.0238363
-0.0872815 0.0310451 -0.0314085
-0.0872815 0.0224616 -0.0238363
-0.0899184 0.0310451 -0.0238363
-0.0752815 0.0310451 -0.0333923
-0.0824772 0.0310451 -0.0238363
0.0773918 0.0310451 -0.0238363
0.0856524 0.0310451 -0.0238363
-0.092309 0.0430451 -0.0238363
-0.0820166 0.0430451 -0.0238363
0.0798079 0.0430451 -0.0238363
0.0840051 0.0430451 -0.0238363
-0.0924485 0.0550451 -0.0238363
-0.0828929 0.0550451 -0.0238363
0.0807185 0.0550451 -0.024417
0.0807185 0.0526429 -0.0238363
-0.0924678 0.0670451 -0.0238363
-0.0829093 0.0670451 -0.0238363
0.0807185 0.0670451 -0.0243135
-0.0925033 0.0790451 -0.0238363
-0.081939 0.0790451 -0.0238363
0.0807185 0.0689493 -0.0238363
0.0797144 0.0790451 -0.0238363
0.0842576 0.0790451 -0.0238363
-0.0903949 0.0910451 -0.0238363
-0.0872815 0.0910451 -0.0324911
-0.0822093 0.0910451 -0.0238363
-0.0752815 0.0910451 -0.0338368
0.0773744 0.0910451 -0.0238363
0.0857749 0.0910451 -0.0238363
-0.0872815 0.102569 -0.0238363
-0.0752815 0.103045 -0.0258097
0.0687185 0.103045 -0.0354452
0.0807185 0.103045 -0.0346107
0.0751937 0.103045 -0.0238363
0.0849434 0.103045 -0.0238363
-0.0752815 0.105191 -0.0238363
-0.0808096 0.115045 -0.0238363
-0.071028 0.115045 -0.0238363
0.0687185 0.115045 -0.0239403
0.0807185 0.11419 -0.0238363
-0.0764607 0.127045 -0.0238363
-0.0752815 0.127045 -0.0265852
-0.069968 0.127045 -0.0238363
-0.0632815 0.127045 -0.0268252
0.0567184 0.127045 -0.0341027
0.0687185 0.115152 -0.0238363
0.0628869 0.127045 -0.0238363
0.0740605 0.127045 -0.0238363
-0.0632815 -0.216456 -0.0118363
-0.0717871 -0.208955 -0.0118363
-0.0512815 -0.212934 -0.0118363
-0.0392815 -0.211121 -0.0118363
-0.0272815 -0.208968 -0.0118363
-0.0272344 -0.208955 -0.0118363
0.0327184 -0.209433 -0.0118363
0.0307356 -0.208955 -0.0118363
0.0447185 -0.211203 -0.0118363
0.0567184 -0.21295 -0.0118363
0.0687185 -0.216232 -0.0118363
0.0762862 -0.208955 -0.0118363
-0.0632815 -0.204111 -0.0118363
-0.0512815 -0.203608 -0.0118363
-0.0392815 -0.203783 -0.0118363
-0.0295189 -0.196955 -0.0118363
-0.0272815 -0.196955 -0.0159042
-0.0152815 -0.204575 -0.0118363
-0.00328153 -0.202174 -0.0118363
0.00871846 -0.202663 -0.0118363
0.0207185 -0.204488 -0.0118363
0.0317547 -0.196955 -0.0118363
0.0327184 -0.202074 -0.0118363
0.0447185 -0.203927 -0.0118363
0.0567184 -0.203602 -0.0118363
0.0687185 -0.204294 -0.0118363
0.0762862 -0.208955 -0.0118363
-0.0272815 -0.196229 -0.0118363
-0.0152815 -0.188885 -0.0118363
-0.0102864 -0.184955 -0.0118363
-0.00328153 -0.184955 -0.0171233
0.00871846 -0.184955 -0.0146437
0.0114529 -0.184955 -0.0118363
0.0207185 -0.192121 -0.0118363
-0.00541458 -0.172955 -0.0118363
-0.00328153 -0.172955 -0.0132452
0.00871846 -0.178522 -0.0118363
0.00240278 -0.172955 -0.0118363
-0.00410622 -0.160955 -0.0118363
-0.00328153 -0.160955 -0.0123613
-0.00123093 -0.160955 -0.0118363
-0.00353518 -0.148955 -0.0118363
-0.00328153 -0.148955 -0.0119942
-0.00267512 -0.148955 -0.0118363
-0.00328153 -0.138036 -0.0118363
-0.00328153 -0.100955 -0.01191
-0.00328153 -0.107959 -0.0118363
-0.00340763 -0.100955 -0.0118363
-0.00300559 -0.100955 -0.0118363
-0.00379714 -0.0889549 -0.0118363
-0.00328153 -0.0889549 -0.012134
-0.00216988 -0.0889549 -0.0118363
-0.00475329 -0.0769549 -0.0118363
-0.00328153 -0.0769549 -0.0126744
-0.000150055 -0.0769549 -0.0118363
-0.0087232 -0.0649549 -0.0118363
-0.00328153 -0.0649549 -0.0149178
0.00814965 -0.0649549 -0.0118363
-0.0152815 -0.0529549 -0.0158398
-0.0152815 -0.0581571 -0.0118363
-0.018841 -0.0529549 -0.0118363
-0.00328153 -0.0529549 -0.018737
0.00871846 -0.0529549 -0.0190781
0.00871846 -0.0646335 -0.0118363
0.0168138 -0.0529549 -0.0118363
-0.0272815 -0.0409549 -0.0159494
-0.0272815 -0.0434137 -0.0118363
-0.0299416 -0.0409549 -0.0118363
-0.00328153 -0.0409549 -0.0177749
-0.013801 -0.0409549 -0.0118363
-0.00328153 -0.0486672 -0.0118363
0.00871846 -0.0409549 -0.0159535
0.00871846 -0.0444032 -0.0118363
0.0207185 -0.0409549 -0.0220985
0.0207185 -0.0488905 -0.0118363
0.0123161 -0.0409549 -0.0118363
0.0281724 -0.0409549 -0.0118363
-0.0392815 -0.0337555 -0.0118363
-0.0503021 -0.0289549 -0.0118363
-0.030644 -0.0289549 -0.0118363
-0.0272815 -0.0346768 -0.0118363
-0.0272815 -0.0289549 -0.0169406
-0.0152815 -0.040031 -0.0118363
0.0207185 -0.0289549 -0.0226279
0.0207185 -0.0343102 -0.0118363
0.0288521 -0.0289549 -0.0118363
0.0327184 -0.0335846 -0.0118363
0.0447185 -0.0289549 -0.0211377
0.0447185 -0.0309013 -0.0118363
0.0482783 -0.0289549 -0.0118363
-0.0632815 -0.0169549 -0.0235119
-0.0632815 -0.020183 -0.0118363
-0.0666707 -0.0169549 -0.0118363
-0.0553229 -0.0169549 -0.0118363
-0.0512815 -0.0169549 -0.0171804
-0.0392815 -0.0248868 -0.0118363
0.0327184 -0.0269426 -0.0118363
0.0447185 -0.025164 -0.0118363
0.0567184 -0.022305 -0.0118363
0.0510986 -0.0169549 -0.0118363
0.063326 -0.0169549 -0.0118363
-0.0752815 -0.00495492 -0.0172148
-0.0752815 -0.00680737 -0.0118363
-0.0766387 -0.00495492 -0.0118363
-0.070097 -0.00495492 -0.0118363
-0.0632815 -0.00950015 -0.0118363
-0.0632815 -0.00495492 -0.0182093
0.0567184 -0.0121451 -0.0118363
0.0687185 -0.012304 -0.0118363
0.063161 -0.00495492 -0.0118363
0.0743658 -0.00495492 -0.0118363
-0.079988 0.00704506 -0.0118363
-0.0729087 0.00704506 -0.0118363
0.0687185 0.00704506 -0.0209744
0.0687185 0.00310825 -0.0118363
0.076472 0.00704506 -0.0118363
0.0807185 0.00704506 -0.0171482
0.0807185 0.00474036 -0.0118363
0.0819844 0.00704506 -0.0118363
-0.0872815 0.0190451 -0.0190994
-0.0872815 0.0151798 -0.0118363
-0.0888814 0.0190451 -0.0118363
-0.0832088 0.0190451 -0.0118363
-0.0752815 0.0119769 -0.0118363
0.0766083 0.0190451 -0.0118363
0.0857202 0.0190451 -0.0118363
-0.0924089 0.0310451 -0.0118363
-0.082213 0.0310451 -0.0118363
0.0804378 0.0310451 -0.0118363
0.0821706 0.0310451 -0.0118363
-0.0917928 0.0430451 -0.0118363
-0.0846141 0.0430451 -0.0118363
0.0807185 0.0430451 -0.0202802
0.0807185 0.0324226 -0.0118363
0.0913014 0.0430451 -0.0118363
0.0927184 0.0430451 -0.0131213
0.0927184 0.0415516 -0.0118363
0.0929961 0.0430451 -0.0118363
-0.0910418 0.0550451 -0.0118363
-0.0857851 0.0550451 -0.0118363
0.0927184 0.0550451 -0.0181646
0.0890934 0.0550451 -0.0118363
0.0941001 0.0550451 -0.0118363
-0.0910318 0.0670451 -0.0118363
-0.0858293 0.0670451 -0.0118363
0.0890161 0.0670451 -0.0118363
0.0927184 0.0670451 -0.0182729
0.0941367 0.0670451 -0.0118363
-0.0917757 0.0790451 -0.0118363
-0.0847826 0.0790451 -0.0118363
0.0807185 0.0790451 -0.0200554
0.0908227 0.0790451 -0.0118363
0.0927184 0.0790451 -0.0135851
0.0931075 0.0790451 -0.0118363
-0.0924282 0.0910451 -0.0118363
-0.0826424 0.0910451 -0.0118363
0.0807185 0.0903048 -0.0118363
0.0805751 0.0910451 -0.0118363
0.0816456 0.0910451 -0.0118363
0.0927184 0.0813592 -0.0118363
-0.0900058 0.103045 -0.0118363
-0.0872815 0.103045 -0.023302
-0.0824507 0.103045 -0.0118363
0.0770954 0.103045 -0.0118363
0.0857476 0.103045 -0.0118363
-0.0872815 0.110644 -0.0118363
-0.0752815 0.113524 -0.0118363
-0.0785349 0.115045 -0.0118363
-0.0746394 0.115045 -0.0118363
0.075337 0.115045 -0.0118363
0.0807185 0.115045 -0.0225431
0.0834231 0.115045 -0.0118363
-0.0797454 0.127045 -0.0118363
-0.069893 0.127045 -0.0118363
0.0687185 0.122026 -0.0118363
0.0662486 0.127045 -0.0118363
0.0739975 0.127045 -0.0118363
0.0807185 0.12069 -0.0118363
-0.0632815 -0.216495 0.000163704
-0.0723817 -0.208955 0.000163704
-0.0512815 -0.212887 0.000163704
-0.0392815 -0.211053 0.000163704
-0.0287733 -0.208955 0.000163704
-0.0272815 -0.208955 -0.0113186
0.0327184 -0.209221 0.000163704
0.0317611 -0.208955 0.000163704
0.0447185 -0.211157 0.000163704
0.0567184 -0.212918 0.000163704
0.0687185 -0.216309 0.000163704
0.0769004 -0.208955 0.000163704
-0.0632815 -0.204028 0.000163704
-0.0512815 -0.203628 0.000163704
-0.0392815 -0.203706 0.000163704
-0.0310237 -0.196955 0.000163704
-0.0272815 -0.206605 0.000163704
-0.0152815 -0.204208 0.000163704
-0.00328153 -0.20095 0.000163704
0.00871846 -0.201805 0.000163704
0.0207185 -0.204421 0.000163704
0.0327184 -0.196955 -0.0015772
0.0329542 -0.196955 0.000163704
0.0447185 -0.203858 0.000163704
0.0567184 -0.203616 0.000163704
0.0687185 -0.204173 0.000163704
-0.0272815 -0.195562 0.000163704
-0.0152815 -0.185641 0.000163704
-0.0148314 -0.184955 0.000163704
0.0146749 -0.184955 0.000163704
0.0207185 -0.190853 0.000163704
0.0327184 -0.196891 0.000163704
-0.0120078 -0.172955 0.000163704
0.00871846 -0.172955 -0.00723696
0.0111865 -0.172955 0.000163704
-0.0114352 -0.160955 0.000163704
0.00871846 -0.160955 -0.00488725
0.0105445 -0.160955 0.000163704
-0.0113151 -0.148955 0.000163704
0.00871846 -0.148955 -0.00410989
0.0103379 -0.148955 0.000163704
-0.0113702 -0.136955 0.000163704
-0.00328153 -0.136955 -0.0118131
0.00871846 -0.136955 -0.00386432
0.0103006 -0.136955 0.000163704
-0.0114958 -0.124955 0.000163704
-0.00328153 -0.124955 -0.0116747
0.00871846 -0.124955 -0.00379962
0.0103231 -0.124955 0.000163704
-0.0117589 -0.112955 0.000163704
-0.00328153 -0.112955 -0.0117621
0.00871846 -0.112955 -0.00407556
0.0104736 -0.112955 0.000163704
-0.0120845 -0.100955 0.000163704
0.00871846 -0.100955 -0.00449976
0.0106902 -0.100955 0.000163704
-0.0125022 -0.0889549 0.000163704
0.00871846 -0.0889549 -0.00512937
0.0110002 -0.0889549 0.000163704
-0.0132442 -0.0769549 0.000163704
-0.0125022 -0.0889549 0.000163704
0.00871846 -0.0769549 -0.00647765
0.0116403 -0.0769549 0.000163704
-0.0152815 -0.0649549 -0.00105321
-0.0152815 -0.0668551 0.000163704
-0.015706 -0.0649549 0.000163704
0.00871846 -0.0649549 -0.0115059
0.0140942 -0.0649549 0.000163704
-0.021645 -0.0529549 0.000163704
-0.00826818 -0.0529549 0.000163704
-0.00328153 -0.056139 0.000163704
-0.00328153 -0.0529549 -0.00649801
0.0064356 -0.0529549 0.000163704
0.0207185 -0.0529549 -0.000532269
0.0207185 -0.0532452 0.000163704
0.0140942 -0.0649549 0.000163704
0.0209002 -0.0529549 0.000163704
-0.0272815 -0.0466411 0.000163704
-0.0326677 -0.0409549 0.000163704
-0.0152815 -0.0454967 0.000163704
-0.0152815 -0.0409549 -0.00953829
-0.0204765 -0.0409549 0.000163704
0.00871846 -0.0517395 0.000163704
0.0172242 -0.0409549 0.000163704
0.0285017 -0.0409549 0.000163704
-0.0512815 -0.0289549 -0.00733399
-0.0512815 -0.029567 0.000163704
-0.0522972 -0.0289549 0.000163704
-0.0392815 -0.0335638 0.000163704
-0.033622 -0.0289549 0.000163704
-0.0272815 -0.0344957 0.000163704
0.0207185 -0.0371928 0.000163704
0.0327184 -0.0329577 0.000163704
0.0313961 -0.0289549 0.000163704
0.0447185 -0.0319185 0.000163704
0.050125 -0.0289549 0.000163704
-0.0632815 -0.0212649 0.000163704
-0.0678266 -0.0169549 0.000163704
-0.0562417 -0.0169549 0.000163704
-0.0512815 -0.0266781 0.000163704
-0.0392815 -0.025968 0.000163704
0.0327184 -0.0281409 0.000163704
0.0447185 -0.0246852 0.000163704
0.0567184 -0.0219442 0.000163704
0.05283 -0.0169549 0.000163704
0.0632903 -0.0169549 0.000163704
-0.0752815 -0.00819536 0.000163704
-0.0776741 -0.00495492 0.000163704
-0.06985 -0.00495492 0.000163704
-0.0632815 -0.0100337 0.000163704
0.0567184 -0.0136596 0.000163704
0.0687185 -0.0126481 0.000163704
0.064418 -0.00495492 0.000163704
0.0742001 -0.00495492 0.000163704
-0.0792533 0.00704506 0.000163704
-0.0740057 0.00704506 0.000163704
0.0687185 0.00138335 0.000163704
0.0807185 0.00313477 0.000163704
0.0760201 0.00704506 0.000163704
0.0828815 0.00704506 0.000163704
-0.0872815 0.0127355 0.000163704
-0.0899133 0.0190451 0.000163704
-0.0826313 0.0190451 0.000163704
-0.0752815 0.00968689 0.000163704
0.07757 0.0190451 0.000163704
0.0854945 0.0190451 0.000163704
-0.0922092 0.0310451 0.000163704
-0.0832811 0.0310451 0.000163704
0.0807185 0.0310451 -0.00810534
0.0807185 0.0290357 0.000163704
-0.0911227 0.0430451 0.000163704
-0.085697 0.0430451 0.000163704
0.0893536 0.0430451 0.000163704
0.0927184 0.0368873 0.000163704
0.0938672 0.0430451 0.000163704
-0.0891015 0.0550451 0.000163704
-0.0868888 0.0550451 0.000163704
0.0884441 0.0550451 0.000163704
0.0949648 0.0550451 0.000163704
-0.0888925 0.0670451 0.000163704
-0.0869578 0.0670451 0.000163704
0.0883938 0.0670451 0.000163704
0.0949948 0.0670451 0.000163704
-0.0909472 0.0790451 0.000163704
-0.0859426 0.0790451 0.000163704
0.0891441 0.0790451 0.000163704
0.0939621 0.0790451 0.000163704
-0.0921789 0.0910451 0.000163704
-0.0838075 0.0910451 0.000163704
0.0807185 0.0910451 -0.009913
0.0927184 0.0863645 0.000163704
-0.0911553 0.103045 0.000163704
-0.0821393 0.103045 0.000163704
0.0807185 0.0937198 0.000163704
0.0781035 0.103045 0.000163704
0.0854482 0.103045 0.000163704
-0.0872815 0.113773 0.000163704
-0.0752815 0.115045 -0.0053744
0.0754455 0.115045 0.000163704
0.0843112 0.115045 0.000163704
-0.0752815 0.116163 0.000163704
-0.0807532 0.127045 0.000163704
-0.0701626 0.127045 0.000163704
0.0687185 0.124789 0.000163704
0.0676611 0.127045 0.000163704
0.0726921 0.127045 0.000163704
0.0807185 0.122561 0.000163704
-0.0632815 -0.2165 0.0121637
-0.0707922 -0.208955 0.0121637
-0.0512815 -0.213385 0.0121637
-0.0392815 -0.211457 0.0121637
-0.0272815 -0.208955 0.00430211
-0.0272815 -0.209528 0.0121637
-0.0250186 -0.208955 0.0121637
0.0327184 -0.209925 0.0121637
0.0279491 -0.208955 0.0121637
0.0447185 -0.211526 0.0121637
0.0567184 -0.213464 0.0121637
0.0687185 -0.216259 0.0121637
0.0754 -0.208955 0.0121637
-0.0632815 -0.20457 0.0121637
-0.0512815 -0.203512 0.0121637
-0.0392815 -0.203766 0.0121637
-0.0272815 -0.198953 0.0121637
-0.0272815 -0.196955 0.0111487
-0.0269971 -0.196955 0.0121637
-0.0152815 -0.204834 0.0121637
-0.00328153 -0.203291 0.0121637
0.00871846 -0.204186 0.0121637
0.0207185 -0.204839 0.0121637
0.0327184 -0.202964 0.0121637
0.0327184 -0.196955 0.00086242
0.0296378 -0.196955 0.0121637
0.0447185 -0.20386 0.0121637
0.0567184 -0.203479 0.0121637
0.0687185 -0.204749 0.0121637
-0.0152815 -0.190765 0.0121637
-0.00602525 -0.184955 0.0121637
0.00871846 -0.184955 0.00988305
0.00316194 -0.184955 0.0121637
0.00871846 -0.186665 0.0121637
0.0207185 -0.193717 0.0121637
-0.00328153 -0.172955 0.0100994
-0.00328153 -0.179907 0.0121637
0.00871846 -0.172955 0.00441051
-0.00328153 -0.160955 0.00931412
0.00871846 -0.160955 0.00330573
-0.00328153 -0.148955 0.00915694
0.00871846 -0.148955 0.00297481
-0.00328153 -0.136955 0.00923419
0.00871846 -0.136955 0.00294334
-0.00328153 -0.124955 0.0094043
0.00871846 -0.124955 0.00302121
-0.00328153 -0.112955 0.00975591
0.00871846 -0.112955 0.00333983
-0.00328153 -0.100955 0.010193
0.00871846 -0.100955 0.00379524
-0.00328153 -0.0889549 0.0107535
0.00871846 -0.0889549 0.00444567
-0.00328153 -0.0769549 0.0117105
0.00871846 -0.0769549 0.00575793
-0.0152815 -0.0649549 0.00126365
-0.00328153 -0.0750337 0.0121637
-0.00748968 -0.0649549 0.0121637
0.00556079 -0.0649549 0.0121637
0.00871846 -0.0649549 0.0106176
-0.0152815 -0.0576394 0.0121637
-0.0186472 -0.0529549 0.0121637
-0.00328153 -0.0529549 0.00643659
0.00871846 -0.0635077 0.0121637
0.0207185 -0.0529549 0.000842452
0.0168681 -0.0529549 0.0121637
-0.0272815 -0.0434859 0.0121637
-0.0301166 -0.0409549 0.0121637
-0.0152815 -0.0409549 0.00979877
-0.00328153 -0.048218 0.0121637
-0.0137148 -0.0409549 0.0121637
0.00871846 -0.0441744 0.0121637
0.0121638 -0.0409549 0.0121637
0.0207185 -0.0488553 0.0121637
0.028328 -0.0409549 0.0121637
-0.0512815 -0.0289549 0.00900871
-0.0392815 -0.0336803 0.0121637
-0.0506445 -0.0289549 0.0121637
-0.0311319 -0.0289549 0.0121637
-0.0272815 -0.0349312 0.0121637
-0.0152815 -0.040019 0.0121637
0.0207185 -0.0344127 0.0121637
0.0327184 -0.0333651 0.0121637
0.0292785 -0.0289549 0.0121637
0.0447185 -0.0310885 0.0121637
0.0486062 -0.0289549 0.0121637
-0.0632815 -0.0201666 0.0121637
-0.0666994 -0.0169549 0.0121637
-0.0555728 -0.0169549 0.0121637
-0.0392815 -0.0251278 0.0121637
-0.0392815 -0.0251278 0.0121637
0.0327184 -0.0271765 0.0121637
0.0447185 -0.0250281 0.0121637
0.0567184 -0.0222922 0.0121637
0.0513373 -0.0169549 0.0121637
0.0632565 -0.0169549 0.0121637
-0.0752815 -0.00703065 0.0121637
-0.0768045 -0.00495492 0.0121637
-0.0696503 -0.00495492 0.0121637
-0.0632815 -0.00942649 0.0121637
-0.0632815 -0.00942652 0.0121637
0.0567184 -0.0123229 0.0121637
0.0687185 -0.0123337 0.0121637
0.0632451 -0.00495492 0.0121637
0.0743007 -0.00495492 0.0121637
-0.0799054 0.00704506 0.0121637
-0.073032 0.00704506 0.0121637
0.0687185 0.00305764 0.0121637
0.0807185 0.00492585 0.0121637
0.0767425 0.00704506 0.0121637
0.0818813 0.00704506 0.0121637
-0.0872815 0.0148157 0.0121637
-0.0890323 0.0190451 0.0121637
-0.0831042 0.0190451 0.0121637
-0.0752815 0.0116148 0.0121637
0.0765522 0.0190451 0.0121637
0.0857559 0.0190451 0.0121637
-0.092375 0.0310451 0.0121637
-0.0823789 0.0310451 0.0121637
0.080334 0.0310451 0.0121637
0.0807185 0.0310451 0.00753456
0.0825854 0.0310451 0.0121637
-0.0917058 0.0430451 0.0121637
-0.0847857 0.0430451 0.0121637
0.0807185 0.0329571 0.0121637
0.0927184 0.041908 0.0121637
0.0915518 0.0430451 0.0121637
0.0929317 0.0430451 0.0121637
-0.0908428 0.0550451 0.0121637
-0.0859676 0.0550451 0.0121637
0.0891237 0.0550451 0.0121637
0.0940515 0.0550451 0.0121637
-0.0908091 0.0670451 0.0121637
-0.086026 0.0670451 0.0121637
0.0890307 0.0670451 0.0121637
0.0941028 0.0670451 0.0121637
-0.0916573 0.0790451 0.0121637
-0.0849997 0.0790451 0.0121637
0.0908537 0.0790451 0.0121637
0.0930928 0.0790451 0.0121637
-0.0923832 0.0910451 0.0121637
-0.0828777 0.0910451 0.0121637
0.0807185 0.0910451 0.010096
0.0807185 0.0902258 0.0121637
0.0805665 0.0910451 0.0121637
0.0817223 0.0910451 0.0121637
0.0927184 0.0812828 0.0121637
-0.0902424 0.103045 0.0121637
-0.0823813 0.103045 0.0121637
0.0772315 0.103045 0.0121637
0.0857294 0.103045 0.0121637
-0.0872815 0.111326 0.0121637
-0.0752815 0.115045 0.00737423
-0.077687 0.115045 0.0121637
-0.0752815 0.11418 0.0121637
-0.0749257 0.115045 0.0121637
0.075607 0.115045 0.0121637
0.0834832 0.115045 0.0121637
-0.0800225 0.127045 0.0121637
-0.0700625 0.127045 0.0121637
0.0687185 0.122968 0.0121637
0.0668009 0.127045 0.0121637
0.0734574 0.127045 0.0121637
0.0807185 0.120864 0.0121637
-0.0632815 -0.215627 0.0241637
-0.0674243 -0.208955 0.0241637
-0.0512815 -0.215165 0.0241637
-0.0392815 -0.212269 0.0241637
-0.0272815 -0.210867 0.0241637
-0.0152815 -0.208955 0.0227826
-0.0152815 -0.209277 0.0241637
-0.0122117 -0.208955 0.0241637
0.0207185 -0.208955 0.0200912
0.0207185 -0.209714 0.0241637
0.0138178 -0.208955 0.0241637
0.0327184 -0.211039 0.0241637
0.0447185 -0.212305 0.0241637
0.0567184 -0.215437 0.0241637
0.0687185 -0.214957 0.0241637
0.0721719 -0.208955 0.0241637
-0.0632815 -0.206007 0.0241637
-0.0512815 -0.203176 0.0241637
-0.0392815 -0.203768 0.0241637
-0.0272815 -0.203469 0.0241637
-0.0169351 -0.196955 0.0241637
-0.00328153 -0.205548 0.0241637
0.00871846 -0.205884 0.0241637
0.0177143 -0.196955 0.0241637
0.0207185 -0.201968 0.0241637
0.0207185 -0.196955 0.0222271
0.0327184 -0.203721 0.0241637
0.0447185 -0.203775 0.0241637
0.0567184 -0.203128 0.0241637
0.0687185 -0.206295 0.0241637
-0.0152815 -0.196552 0.0241637
-0.00328153 -0.184955 0.0138816
-0.00328153 -0.194188 0.0241637
0.00871846 -0.195092 0.0241637
-0.00328153 -0.0649549 0.0144587
-0.0152815 -0.0529549 0.0159625
-0.00328153 -0.0529549 0.0192387
0.00871846 -0.0529549 0.0194718
-0.0272815 -0.0409549 0.0166437
-0.0152815 -0.0448511 0.0241637
-0.0209716 -0.0409549 0.0241637
-0.00328153 -0.0492795 0.0241637
-0.00328153 -0.0409549 0.0180801
0.00871846 -0.047507 0.0241637
0.00871846 -0.0409549 0.0160275
0.0207185 -0.0409549 0.0228505
0.0191998 -0.0409549 0.0241637
-0.0392815 -0.032137 0.0241637
-0.0459003 -0.0289549 0.0241637
-0.0272815 -0.0289549 0.0183331
-0.0272815 -0.0332557 0.0241637
-0.0223968 -0.0289549 0.0241637
-0.0152815 -0.0346468 0.0241637
-0.00328153 -0.034887 0.0241637
0.00871846 -0.0344334 0.0241637
0.0205786 -0.0289549 0.0241637
0.0207185 -0.0289549 0.024044
0.0207185 -0.0297231 0.0241637
0.0191998 -0.0409549 0.0241637
0.0327184 -0.0338073 0.0241637
0.0441599 -0.0289549 0.0241637
0.0447185 -0.0289549 0.0230266
-0.0632815 -0.016998 0.0241637
-0.063327 -0.0169549 0.0241637
-0.0512815 -0.0169549 0.0183465
-0.0512815 -0.0212295 0.0241637
-0.0487927 -0.0169549 0.0241637
-0.0392815 -0.0245418 0.0241637
-0.0272815 -0.0272397 0.0241637
0.0207185 -0.0289097 0.0241637
0.0327184 -0.0244106 0.0241637
0.0483983 -0.0169549 0.0241637
0.0567184 -0.0209512 0.0241637
0.0613047 -0.0169549 0.0241637
-0.0752815 -0.00495492 0.0184715
-0.0632815 -0.00495492 0.0186186
-0.069503 -0.00495492 0.0241637
-0.0512815 -0.0151697 0.0241637
-0.0615357 -0.00495492 0.0241637
0.0567184 -0.00998367 0.0241637
0.0687185 -0.00897512 0.0241637
0.0623549 -0.00495492 0.0241637
0.0718184 -0.00495492 0.0241637
-0.0752815 -0.00251971 0.0241637
-0.0807503 0.00704506 0.0241637
-0.0697949 0.00704506 0.0241637
-0.0632815 -0.0027038 0.0241637
0.0679987 0.00704506 0.0241637
0.0687185 0.00704506 0.0215753
0.0723452 0.00704506 0.0241637
0.0807185 0.00704506 0.0174237
-0.0872815 0.0190451 0.0202782
-0.0752815 0.018199 0.0241637
0.0687185 0.0084288 0.0241637
0.0807185 0.0104403 0.0241637
0.0687185 0.00842881 0.0241637
0.0755264 0.0190451 0.0241637
0.0844539 0.0190451 0.0241637
-0.0872815 0.0217543 0.0241637
-0.0901524 0.0310451 0.0241637
-0.0824544 0.0310451 0.0241637
0.0775635 0.0310451 0.0241637
0.0856501 0.0310451 0.0241637
-0.0925299 0.0430451 0.0241637
-0.0820629 0.0430451 0.0241637
0.0800259 0.0430451 0.0241637
0.0807185 0.0430451 0.0211332
0.0836813 0.0430451 0.0241637
0.0927184 0.0430451 0.0132989
-0.0923278 0.0550451 0.0241637
-0.0832977 0.0550451 0.0241637
0.0807185 0.0499873 0.0241637
0.0927184 0.0550451 0.0193055
-0.0923321 0.0670451 0.0241637
-0.0833798 0.0670451 0.0241637
0.0927184 0.0670451 0.0196519
-0.0925375 0.0790451 0.0241637
-0.082348 0.0790451 0.0241637
0.0807185 0.0790451 0.0216159
0.0807185 0.0728448 0.0241637
0.0801496 0.0790451 0.0241637
0.0927184 0.0790451 0.0142128
0.0834996 0.0790451 0.0241637
-0.0909387 0.0910451 0.0241637
-0.0821507 0.0910451 0.0241637
0.0779121 0.0910451 0.0241637
0.0856921 0.0910451 0.0241637
-0.087786 0.103045 0.0241637
-0.0843413 0.103045 0.0241637
0.0752398 0.103045 0.0241637
0.0855174 0.103045 0.0241637
-0.0872815 0.104442 0.0241637
-0.0752815 0.107053 0.0241637
-0.0806506 0.115045 0.0241637
-0.0719395 0.115045 0.0241637
0.077838 0.115045 0.0241637
0.0809873 0.115045 0.0241637
-0.0772519 0.127045 0.0241637
-0.0702672 0.127045 0.0241637
0.0687185 0.1168 0.0241637
0.0635534 0.127045 0.0241637
0.0743987 0.127045 0.0241637
0.0807185 0.115602 0.0241637
-0.0632815 -0.208955 0.034756
-0.0512815 -0.216603 0.0361637
-0.0623854 -0.208955 0.0361637
-0.0392815 -0.21382 0.0361637
-0.0272815 -0.212213 0.0361637
-0.0152815 -0.21132 0.0361637
-0.00328153 -0.208955 0.0281619
-0.00328153 -0.210802 0.0361637
0.00871846 -0.208955 0.0268699
0.00871846 -0.210867 0.0361637
0.0207185 -0.211434 0.0361637
0.0327184 -0.212265 0.0361637
0.0447185 -0.213974 0.0361637
0.0567184 -0.216459 0.0361637
0.0667576 -0.208955 0.0361637
0.0687185 -0.208955 0.0330763
-0.0512815 -0.204322 0.0361637
-0.0392815 -0.203423 0.0361637
-0.0272815 -0.203767 0.0361637
-0.0152815 -0.196955 0.0254666
-0.0152815 -0.20364 0.0361637
-0.00328153 -0.196955 0.0304338
-0.00328153 -0.203377 0.0361637
0.00871846 -0.196955 0.0291498
0.00871846 -0.203478 0.0361637
0.0207185 -0.203736 0.0361637
0.0327184 -0.203776 0.0361637
0.0447185 -0.20339 0.0361637
0.0567184 -0.204467 0.0361637
-0.0152815 -0.0409549 0.0284016
-0.00328153 -0.0409549 0.0313811
0.00871846 -0.0409549 0.0304059
-0.0392815 -0.0289549 0.0334345
-0.0272815 -0.0323696 0.0361637
-0.036695 -0.0289549 0.0361637
-0.0152815 -0.0289549 0.0294948
-0.0152815 -0.0335304 0.0361637
-0.00328153 -0.0332164 0.0361637
-0.00328153 -0.0289549 0.032902
0.00871846 -0.0333945 0.0361637
0.00871846 -0.0289549 0.0314596
0.0207185 -0.0337734 0.0361637
0.0327184 -0.0298572 0.0361637
0.0348245 -0.0289549 0.0361637
-0.0632815 -0.0169549 0.0242636
-0.0512815 -0.0212451 0.0361637
-0.0568824 -0.0169549 0.0361637
-0.0409523 -0.0169549 0.0361637
-0.0272815 -0.0244744 0.0361637
-0.0152815 -0.0258249 0.0361637
-0.00328153 -0.0271154 0.0361637
0.00871846 -0.026506 0.0361637
0.0207185 -0.0241678 0.0361637
0.0327184 -0.0260797 0.0361637
0.0447185 -0.0169549 0.0279561
0.0382778 -0.0169549 0.0361637
0.0447185 -0.0222233 0.0361637
0.0539273 -0.0169549 0.0361637
0.0567184 -0.0169549 0.0334651
-0.0632815 -0.0109756 0.0361637
-0.0684327 -0.00495492 0.0361637
-0.0512815 -0.0100931 0.0361637
-0.0560127 -0.00495492 0.0361637
-0.0512815 -0.0100931 0.0361637
0.0447185 -0.0127309 0.0361637
0.0532025 -0.00495492 0.0361637
0.0567184 -0.00495492 0.0301268
0.0567184 -0.013543 0.0361637
0.0687185 -0.00495492 0.0315959
0.0638385 -0.00495492 0.0361637
-0.0752815 0.00523411 0.0361637
-0.0763692 0.00704506 0.0361637
-0.0690463 0.00704506 0.0361637
-0.0632815 0.00489333 0.0361637
0.0567184 -0.000846982 0.0361637
0.0687185 -0.0019681 0.0361637
0.0624972 0.00704506 0.0361637
0.0744402 0.00704506 0.0361637
-0.0809135 0.0190451 0.0361637
-0.0752815 0.0190451 0.025109
-0.0704587 0.0190451 0.0361637
0.0685935 0.0190451 0.0361637
0.0687185 0.0190451 0.0358971
0.070853 0.0190451 0.0361637
0.0807185 0.0190451 0.0347117
-0.0872815 0.0310451 0.0326556
-0.0787852 0.0310451 0.0361637
-0.0752815 0.0310451 0.0349295
-0.0747454 0.0310451 0.0361637
0.0687185 0.019378 0.0361637
0.0807185 0.0206565 0.0361637
0.0752043 0.0310451 0.0361637
0.0841531 0.0310451 0.0361637
-0.0872815 0.0368629 0.0361637
-0.0885988 0.0430451 0.0361637
-0.082703 0.0430451 0.0361637
-0.0752815 0.033363 0.0361637
0.0754255 0.0430451 0.0361637
0.0863506 0.0430451 0.0361637
-0.0899101 0.0550451 0.0361637
-0.0821103 0.0550451 0.0361637
0.076721 0.0550451 0.0361637
0.0807185 0.0550451 0.0255789
0.0862256 0.0550451 0.0361637
-0.0900619 0.0670451 0.0361637
-0.0820347 0.0670451 0.0361637
0.0767754 0.0670451 0.0361637
0.0807185 0.0670451 0.0256653
0.0862433 0.0670451 0.0361637
-0.0890783 0.0790451 0.0361637
-0.082279 0.0790451 0.0361637
0.0756278 0.0790451 0.0361637
0.0863754 0.0790451 0.0361637
-0.0872815 0.0910451 0.0352271
-0.0872815 0.0892115 0.0361637
0.0749994 0.0910451 0.0361637
0.0848263 0.0910451 0.0361637
-0.0872815 0.103045 0.0256949
-0.0752815 0.0918445 0.0361637
-0.0752815 0.103045 0.0281887
-0.0809422 0.103045 0.0361637
-0.0719336 0.103045 0.0361637
0.0755019 0.103045 0.0361637
0.0814113 0.103045 0.0361637
-0.0788173 0.115045 0.0361637
-0.0691358 0.115045 0.0361637
0.0687185 0.115045 0.026274
0.0687185 0.105205 0.0361637
0.0642761 0.115045 0.0361637
0.0807185 0.115045 0.0249423
0.0748055 0.115045 0.0361637
0.0807185 0.104822 0.0361637
-0.0752815 0.127045 0.029222
-0.0752815 0.1218 0.0361637
-0.0693678 0.127045 0.0361637
-0.0632815 0.127045 0.0301225
-0.0632815 0.121571 0.0361637
-0.0601279 0.127045 0.0361637
0.0622501 0.127045 0.0361637
0.0699521 0.127045 0.0361637
-0.0512815 -0.212632 0.0481637
-0.0530383 -0.208955 0.0481637
-0.0392815 -0.216612 0.0481637
-0.0272815 -0.214575 0.0481637
-0.0152815 -0.213058 0.0481637
-0.00328153 -0.212611 0.0481637
0.00871846 -0.212621 0.0481637
0.0207185 -0.213102 0.0481637
0.0327184 -0.214804 0.0481637
0.0447185 -0.216539 0.0481637
0.0567184 -0.211556 0.0481637
0.0578941 -0.208955 0.0481637
-0.0512815 -0.207786 0.0481637
-0.0392815 -0.204211 0.0481637
-0.0272815 -0.203306 0.0481637
-0.0152815 -0.203617 0.0481637
-0.00328153 -0.203702 0.0481637
0.00871846 -0.203704 0.0481637
0.0207185 -0.203603 0.0481637
0.0327184 -0.203261 0.0481637
0.0447185 -0.204277 0.0481637
0.0567184 -0.208112 0.0481637
-0.0272815 -0.0289549 0.0435158
-0.0152815 -0.0294768 0.0481637
-0.0176102 -0.0289549 0.0481637
-0.00328153 -0.0305907 0.0481637
0.00871846 -0.0301214 0.0481637
0.0152327 -0.0289549 0.0481637
0.0207185 -0.0289549 0.0461233
0.0327184 -0.0289549 0.0381016
-0.0512815 -0.0169549 0.0432777
-0.0392815 -0.0169549 0.0377604
-0.0392815 -0.0214716 0.0481637
-0.0465469 -0.0169549 0.0481637
-0.0272815 -0.0169549 0.0464369
-0.0272815 -0.0206574 0.0481637
-0.0237699 -0.0169549 0.0481637
-0.0152815 -0.0267649 0.0481637
-0.00328153 -0.0253008 0.0481637
0.00871846 -0.0257389 0.0481637
0.0222307 -0.0169549 0.0481637
0.0327184 -0.0224184 0.0481637
0.0327184 -0.0169549 0.0412323
0.0447185 -0.0171453 0.0481637
0.0449884 -0.0169549 0.0481637
-0.0632815 -0.00495492 0.0442814
-0.0512815 -0.0124815 0.0481637
-0.0594109 -0.00495492 0.0481637
-0.0512815 -0.00495492 0.0408821
-0.0442092 -0.00495492 0.0481637
-0.0392815 -0.010152 0.0481637
-0.0272815 -0.0157623 0.0481637
0.0327184 -0.0119241 0.0481637
0.0424646 -0.00495492 0.0481637
0.0447185 -0.00495492 0.0461188
0.0567184 -0.00703332 0.0481637
0.0586044 -0.00495492 0.0481637
-0.0752815 0.00704506 0.0381493
-0.0632815 -0.00141136 0.0481637
-0.0691516 0.00704506 0.0481637
-0.0632815 0.00704506 0.0380918
-0.0557746 0.00704506 0.0481637
-0.0512815 0.00218758 0.0481637
0.0447185 -0.00293781 0.0481637
0.0536074 0.00704506 0.0481637
0.0567184 0.00704506 0.0444574
0.0645629 0.00704506 0.0481637
0.0687185 0.00704506 0.0460006
-0.0752815 0.018718 0.0481637
-0.0754435 0.0190451 0.0481637
-0.0632815 0.0190451 0.0473998
-0.0626889 0.0190451 0.0481637
0.0567184 0.0116826 0.0481637
0.0687185 0.00961418 0.0481637
0.062112 0.0190451 0.0481637
0.0736042 0.0190451 0.0481637
-0.0798418 0.0310451 0.0481637
-0.0632815 0.0203723 0.0481637
-0.0689375 0.0310451 0.0481637
0.0654142 0.0310451 0.0481637
0.0687185 0.0310451 0.0431054
0.0753798 0.0310451 0.0481637
0.0807185 0.0310451 0.0432773
-0.0872815 0.0430451 0.0390736
-0.0752815 0.0430451 0.0400624
-0.0815074 0.0430451 0.0481637
-0.0703449 0.0430451 0.0481637
0.0683844 0.0430451 0.0481637
0.0687185 0.0430451 0.0476516
0.0807185 0.0420679 0.0481637
0.0809241 0.0430451 0.0481637
-0.0872815 0.0550451 0.0419644
-0.0815791 0.0550451 0.0481637
-0.0752815 0.0550451 0.0425002
-0.0718378 0.0550451 0.0481637
0.0687185 0.045754 0.0481637
0.0736175 0.0550451 0.0481637
0.082191 0.0550451 0.0481637
-0.0872815 0.0670451 0.0422977
-0.0816157 0.0670451 0.0481637
-0.0752815 0.0670451 0.0427189
-0.0719812 0.0670451 0.0481637
0.0736583 0.0670451 0.0481637
0.082285 0.0670451 0.0481637
-0.0872815 0.0790451 0.0401226
-0.0815631 0.0790451 0.0481637
-0.0752815 0.0790451 0.0407879
-0.0708203 0.0790451 0.0481637
0.0687185 0.0790451 0.0481417
0.0687185 0.0789087 0.0481637
0.0687042 0.0790451 0.0481637
0.0812201 0.0790451 0.0481637
-0.0752815 0.0910451 0.036674
-0.0809388 0.0910451 0.0481637
-0.0688947 0.0910451 0.0481637
0.0660894 0.0910451 0.0481637
0.0687185 0.0910451 0.0440685
0.0756679 0.0910451 0.0481637
0.0807185 0.0818034 0.0481637
0.0807185 0.0910451 0.0446534
-0.0772947 0.103045 0.0481637
-0.0675257 0.103045 0.0481637
0.0620919 0.103045 0.0481637
0.0687185 0.103045 0.037783
0.0807185 0.103045 0.0375947
0.0750812 0.103045 0.0481637
-0.0752815 0.115045 0.0427464
-0.0752815 0.107806 0.0481637
-0.0702963 0.115045 0.0481637
-0.0632815 0.115045 0.0415797
-0.0632815 0.105489 0.0481637
-0.0582104 0.115045 0.0481637
0.0567184 0.115045 0.0474073
0.0567184 0.113951 0.0481637
0.0560898 0.115045 0.0481637
0.0697698 0.115045 0.0481637
-0.0648183 0.127045 0.0481637
-0.0512815 0.127045 0.0473415
-0.0512815 0.125913 0.0481637
-0.0505024 0.127045 0.0481637
0.0489696 0.127045 0.0481637
0.0567184 0.127045 0.0382397
0.0624062 0.127045 0.0481637
0.0687185 0.116888 0.0481637
0.0687185 0.127045 0.0383309
-0.0512815 -0.208955 0.0500597
-0.0392815 -0.209493 0.0601637
-0.0395482 -0.208955 0.0601637
-0.0272815 -0.216325 0.0601637
-0.0152815 -0.216592 0.0601637
-0.00328153 -0.216179 0.0601637
0.00871846 -0.21619 0.0601637
0.0207185 -0.216583 0.0601637
0.0327184 -0.216084 0.0601637
0.0437668 -0.208955 0.0601637
0.0447185 -0.208955 0.0594925
0.0567184 -0.208955 0.0494343
-0.0392815 -0.20881 0.0601637
-0.0272815 -0.205507 0.0601637
-0.0152815 -0.204175 0.0601637
-0.00328153 -0.20365 0.0601637
0.00871846 -0.203654 0.0601637
0.0207185 -0.204199 0.0601637
0.0327184 -0.205632 0.0601637
-0.0152815 -0.0289549 0.0490377
-0.00328153 -0.0289549 0.050935
0.00871846 -0.0289549 0.05015
-0.0392815 -0.0169549 0.0541704
-0.0272815 -0.0177774 0.0601637
-0.0290683 -0.0169549 0.0601637
-0.0152815 -0.0169549 0.0528075
-0.0152815 -0.0212498 0.0601637
-0.00328153 -0.0226786 0.0601637
-0.00328153 -0.0169549 0.0533148
0.00871846 -0.0221765 0.0601637
0.00871846 -0.0169549 0.0531188
0.0207185 -0.0195749 0.0601637
0.0207185 -0.0169549 0.0505921
0.0272512 -0.0169549 0.0601637
0.0327184 -0.0169549 0.0562958
0.0447185 -0.0169549 0.048412
-0.0512815 -0.00495492 0.0564776
-0.0392815 -0.0114383 0.0601637
-0.0477647 -0.00495492 0.0601637
-0.0392815 -0.00495492 0.0528975
-0.0272815 -0.00495492 0.0592256
-0.0152815 -0.00994913 0.0601637
-0.0246454 -0.00495492 0.0601637
-0.00328153 -0.0103785 0.0601637
0.00871846 -0.0102417 0.0601637
0.0207185 -0.00864255 0.0601637
0.0233214 -0.00495492 0.0601637
0.0327184 -0.00495492 0.0554056
0.0327184 -0.0128364 0.0601637
0.0447185 -0.0060233 0.0601637
0.0567184 -0.00495492 0.0503113
0.0459155 -0.00495492 0.0601637
-0.0632815 0.00704506 0.0552919
-0.0512815 -0.00164418 0.0601637
-0.0584785 0.00704506 0.0601637
-0.0512815 0.00704506 0.0525901
-0.041649 0.00704506 0.0601637
-0.0392815 0.00451317 0.0601637
-0.0272815 -0.00375818 0.0601637
0.0327184 0.000947252 0.0601637
0.0393696 0.00704506 0.0601637
0.0447185 0.00704506 0.0562884
0.0567184 0.00704506 0.0601637
-0.0752815 0.0190451 0.0483975
-0.0632815 0.0146096 0.0601637
-0.0658485 0.0190451 0.0601637
-0.0512815 0.0190451 0.0597134
-0.0507202 0.0190451 0.0601637
0.0447185 0.0134278 0.0601637
0.048616 0.0190451 0.0601637
0.0567184 0.0190451 0.0528319
0.0640667 0.0190451 0.0601637
0.0687185 0.0190451 0.0547874
-0.0752815 0.0310451 0.0547493
-0.0705559 0.0310451 0.0601637
-0.0632815 0.0310451 0.0531233
-0.0512815 0.0200434 0.0601637
-0.0563231 0.0310451 0.0601637
0.0543381 0.0310451 0.0601637
0.0567184 0.0310451 0.0580049
0.0687185 0.0296451 0.0601637
0.0692314 0.0310451 0.0601637
-0.0752815 0.0430451 0.0583597
-0.0724726 0.0430451 0.0601637
-0.0632815 0.0430451 0.0567068
-0.0598659 0.0430451 0.0601637
0.0567184 0.0386841 0.0601637
0.0595898 0.0430451 0.0601637
0.0807185 0.0430451 0.0484787
0.0721321 0.0430451 0.0601637
-0.0752815 0.0501817 0.0601637
-0.0758708 0.0550451 0.0601637
-0.0632815 0.0550451 0.0585222
-0.0616635 0.0550451 0.0601637
0.0608508 0.0550451 0.0601637
0.0687185 0.0550451 0.0504354
0.0735998 0.0550451 0.0601637
0.0807185 0.0550451 0.0504241
-0.0760496 0.0670451 0.0601637
-0.0632815 0.0670451 0.0587146
-0.0618593 0.0670451 0.0601637
0.0608778 0.0670451 0.0601637
0.0687185 0.0670451 0.0505131
0.0807185 0.0670451 0.0505759
0.0737542 0.0670451 0.0601637
-0.0752815 0.0790451 0.0593945
-0.0752815 0.0756492 0.0601637
-0.0632815 0.0790451 0.057335
-0.0738878 0.0790451 0.0601637
-0.0605208 0.0790451 0.0601637
0.0600044 0.0790451 0.0601637
0.0807185 0.0790451 0.0489393
0.0726098 0.0790451 0.0601637
-0.0752815 0.0910451 0.0563695
-0.071016 0.0910451 0.0601637
-0.0632815 0.0910451 0.054305
-0.057601 0.0910451 0.0601637
0.0567184 0.0910451 0.058891
0.0567184 0.0859237 0.0601637
0.0553546 0.0910451 0.0601637
0.0701704 0.0910451 0.0601637
-0.0752815 0.103045 0.0510899
-0.0680811 0.103045 0.0601637
-0.0632815 0.103045 0.0506757
-0.0543986 0.103045 0.0601637
0.0504609 0.103045 0.0601637
0.0567184 0.103045 0.0542766
0.0649095 0.103045 0.0601637
0.0687185 0.0956772 0.0601637
0.0687185 0.103045 0.056967
-0.0632815 0.115045 0.0579693
-0.0632815 0.112788 0.0601637
-0.0512815 0.115045 0.0553628
-0.0512815 0.106299 0.0601637
-0.0609154 0.115045 0.0601637
-0.0453708 0.115045 0.0601637
0.0447185 0.115045 0.0589576
0.0447185 0.112806 0.0601637
0.0431069 0.115045 0.0601637
0.0687185 0.115045 0.0496212
0.0597406 0.115045 0.0601637
-0.0632815 0.127045 0.0500531
-0.0535931 0.127045 0.0601637
-0.0392815 0.127045 0.0575926
-0.0392815 0.122565 0.0601637
-0.0348461 0.127045 0.0601637
0.0332337 0.127045 0.0601637
0.0447185 0.127045 0.0526832
0.0509834 0.127045 0.0601637
0.0567184 0.119497 0.0601637
0.0567184 0.127045 0.0547166
-0.0392815 -0.208955 0.0603413
-0.0272815 -0.208955 0.0658629
-0.0152815 -0.208955 0.0701311
-0.00328153 -0.210224 0.0721636
-0.00615859 -0.208955 0.0721636
0.00871846 -0.209991 0.0721636
0.0108319 -0.208955 0.0721636
0.0207185 -0.208955 0.0697871
0.0327184 -0.208955 0.0653901
-0.00328153 -0.208608 0.0721636
0.00871846 -0.208671 0.0721636
-0.0272815 -0.0169549 0.0610512
-0.0152815 -0.0169549 0.064824
-0.00328153 -0.0169549 0.0663161
0.00871846 -0.0169549 0.0657136
0.0207185 -0.0169549 0.0629214
-0.0392815 -0.00495492 0.0657858
-0.0272815 -0.00495492 0.0673619
-0.0152815 -0.00495492 0.0663249
-0.0252968 -0.00495492 0.0721636
-0.0152815 -0.00855716 0.0721636
-0.00328153 -0.0101761 0.0721636
-0.00328153 -0.00495492 0.0665208
0.00871846 -0.00937666 0.0721636
0.00871846 -0.00495492 0.0666116
0.0207185 -0.00604036 0.0721636
0.0207185 -0.00495492 0.0670156
0.0327184 -0.00495492 0.0663986
0.0229231 -0.00495492 0.0721636
0.0447185 -0.00495492 0.0610972
-0.0512815 0.00704506 0.0662384
-0.0392815 0.00443517 0.0721636
-0.0420302 0.00704506 0.0721636
-0.0392815 0.00704506 0.0656705
-0.0272815 -0.00371855 0.0721636
-0.0272815 0.00704506 0.0674659
-0.0152815 0.00704506 0.0710114
-0.00328153 0.00658821 0.0721636
-0.00467771 0.00704506 0.0721636
-0.000463575 0.00704506 0.0721636
0.00871846 0.00704506 0.0716849
0.0207185 0.00704506 0.0690513
0.0327184 0.00087136 0.0721636
0.0327184 0.00704506 0.0663227
0.0447185 0.00704506 0.0670441
0.0400759 0.00704506 0.0721636
-0.0632815 0.0190451 0.0627492
-0.0512815 0.0182611 0.0721636
-0.0518295 0.0190451 0.0721636
-0.0392815 0.0190451 0.0677375
-0.0272815 0.0165016 0.0721636
-0.0299274 0.0190451 0.0721636
-0.0152815 0.00938672 0.0721636
0.00871846 0.00804694 0.0721636
0.0207185 0.0135424 0.0721636
0.0274686 0.0190451 0.0721636
0.0327184 0.0190451 0.0701147
0.0447185 0.0120338 0.0721636
0.0447185 0.0190451 0.0656475
0.0567184 0.0190451 0.0670089
0.0498966 0.0190451 0.0721636
-0.0632815 0.0310451 0.067486
-0.0580479 0.0310451 0.0721636
-0.0512815 0.0310451 0.0657714
-0.0392815 0.0310451 0.0720595
-0.0390601 0.0310451 0.0721636
0.0327184 0.0248826 0.0721636
0.0367671 0.0310451 0.0721636
0.0447185 0.0310451 0.0676655
0.0567184 0.0310451 0.0707644
0.0560986 0.0310451 0.0721636
0.0687185 0.0310451 0.0607314
-0.0632815 0.0430451 0.0695127
-0.0615211 0.0430451 0.0721636
-0.0512815 0.0430451 0.067409
-0.0392815 0.0314867 0.0721636
-0.0438026 0.0430451 0.0721636
0.0418927 0.0430451 0.0721636
0.0447185 0.0430451 0.0705639
0.0567184 0.0320701 0.0721636
0.0567184 0.0430451 0.0636162
0.0687185 0.0430451 0.0639448
0.0598836 0.0430451 0.0721636
-0.0752815 0.0550451 0.0608538
-0.0632815 0.0495838 0.0721636
-0.06406 0.0550451 0.0721636
-0.0512815 0.0550451 0.0689324
-0.0462024 0.0550451 0.0721636
0.0444671 0.0550451 0.0721636
0.0447185 0.0550451 0.0720209
0.0567184 0.0550451 0.0647528
0.0687185 0.0550451 0.0655774
0.0616479 0.0550451 0.0721636
-0.0752815 0.0670451 0.0610647
-0.06431 0.0670451 0.0721636
-0.0512815 0.0670451 0.0691112
-0.0464915 0.0670451 0.0721636
0.044706 0.0670451 0.0721636
0.0447185 0.0670451 0.0721565
0.0567184 0.0670451 0.064749
0.0687185 0.0670451 0.0657594
0.0618595 0.0670451 0.0721636
-0.0632815 0.0790451 0.0714602
-0.0632815 0.0773724 0.0721636
-0.0512815 0.0790451 0.0679944
-0.0628763 0.0790451 0.0721636
-0.0447623 0.0790451 0.0721636
0.0427256 0.0790451 0.0721636
0.0447185 0.0790451 0.0710224
0.0567184 0.0790451 0.0639072
0.0687185 0.0790451 0.0645012
0.0605596 0.0790451 0.0721636
-0.0632815 0.0910451 0.068105
-0.0598328 0.0910451 0.0721636
-0.0512815 0.0910451 0.0657735
-0.0410639 0.0910451 0.0721636
0.0384662 0.0910451 0.0721636
0.0447185 0.0910451 0.0685652
0.0687185 0.0910451 0.0617889
0.0577522 0.0910451 0.0721636
-0.0632815 0.103045 0.0650679
-0.0547283 0.103045 0.0721636
-0.0512815 0.103045 0.0646722
-0.0392815 0.103045 0.0695757
-0.0392815 0.094467 0.0721636
-0.0338935 0.103045 0.0721636
0.0327184 0.103045 0.0717294
0.0327184 0.101579 0.0721636
0.0316342 0.103045 0.0721636
0.0447185 0.103045 0.065674
0.0526031 0.103045 0.0721636
0.0567184 0.0938977 0.0721636
0.0567184 0.103045 0.0678357
-0.0512815 0.115045 0.0673709
-0.0512815 0.108827 0.0721636
-0.0469617 0.115045 0.0721636
-0.0392815 0.115045 0.0657513
-0.0272815 0.115045 0.0701627
-0.0272815 0.110384 0.0721636
-0.0204507 0.115045 0.0721636
0.0207185 0.115045 0.0715106
0.0207185 0.113473 0.0721636
0.0178446 0.115045 0.0721636
0.0327184 0.115045 0.066599
0.0567184 0.115045 0.0630603
0.0449196 0.115045 0.0721636
-0.0512815 0.127045 0.0621411
-0.0392815 0.127045 0.0667968
-0.0392815 0.123496 0.0721636
-0.0350847 0.127045 0.0721636
-0.0272815 0.127045 0.0665396
-0.0152815 0.127045 0.067885
-0.0152815 0.118026 0.0721636
-0.00328153 0.127045 0.0693093
-0.00328153 0.120762 0.0721636
0.00871846 0.127045 0.0686287
0.00871846 0.119312 0.0721636
0.0207185 0.127045 0.0667812
0.0327184 0.127045 0.0691267
0.0328477 0.127045 0.0721636
0.0447185 0.115289 0.0721636
0.0447185 0.127045 0.0651731
-0.00328153 -0.208955 0.0725213
0.00871846 -0.208955 0.072454
-0.0152815 -0.00495492 0.0748202
-0.00328153 -0.00495492 0.0760313
0.00871846 -0.00495492 0.0754108
0.0207185 -0.00495492 0.0729619
-0.0392815 0.00704506 0.0737401
-0.0272815 0.00704506 0.0775577
-0.0152815 0.00704506 0.0760028
0.00871846 0.00704506 0.0746462
0.0207185 0.00704506 0.0772806
0.0327184 0.00704506 0.0759183
-0.0512815 0.0190451 0.0725531
-0.0392815 0.0190451 0.0778242
-0.0268835 0.0190451 0.0841636
-0.0152815 0.0123483 0.0841636
-0.0152815 0.0190451 0.0794329
-0.00328153 0.00962931 0.0841636
-0.00328153 0.0190451 0.0791527
0.00871846 0.0190451 0.0793296
-0.00328153 0.00962929 0.0841636
0.00871846 0.0111384 0.0841636
0.0207185 0.0162879 0.0841636
0.0207185 0.0190451 0.0803059
0.0327184 0.0190451 0.0773519
0.0245216 0.0190451 0.0841636
0.0447185 0.0190451 0.0755559
-0.0512815 0.0310451 0.0769637
-0.0392815 0.0310451 0.0735831
-0.0272815 0.0193513 0.0841636
-0.0272815 0.0310451 0.0791201
-0.0373382 0.0310451 0.0841636
-0.0152815 0.0310451 0.0802676
-0.00328153 0.0310451 0.0814487
0.00871846 0.0310451 0.080805
0.0207185 0.0310451 0.0789481
0.0327184 0.0270359 0.0841636
0.0327184 0.0310451 0.0795528
0.0447185 0.0310451 0.0781447
0.0327184 0.0270359 0.0841636
0.035598 0.0310451 0.0841636
-0.0512815 0.0430451 0.0784476
-0.0392815 0.0430451 0.079141
-0.0431646 0.0430451 0.0841636
-0.0392815 0.0344467 0.0841636
-0.0272815 0.0430451 0.079717
-0.0152815 0.0430451 0.0827131
-0.00328153 0.0430451 0.0838813
0.00871846 0.0430451 0.0832286
0.0207185 0.0430451 0.0809751
0.0327184 0.0430451 0.0787745
0.0447185 0.0430451 0.0780351
0.0413243 0.0430451 0.0841636
0.0567184 0.0430451 0.0747277
-0.0632815 0.0550451 0.0728393
-0.0512815 0.0550451 0.0785778
-0.0459878 0.0550451 0.0841636
-0.0392815 0.0550451 0.0787947
-0.0272815 0.0550451 0.0810105
-0.0152815 0.0550451 0.0839696
-0.00328153 0.0457295 0.0841636
-0.0132875 0.0550451 0.0841636
0.00871846 0.0520385 0.0841636
0.0104236 0.0550451 0.0841636
0.0207185 0.0550451 0.0822454
0.0327184 0.0550451 0.0786443
0.0447185 0.0550451 0.0768374
0.0442637 0.0550451 0.0841636
0.0567184 0.0550451 0.076167
-0.0632815 0.0670451 0.0730574
-0.0512815 0.0670451 0.0786573
-0.0464167 0.0670451 0.0841636
-0.0392815 0.0670451 0.0787345
-0.0272815 0.0670451 0.0811803
-0.0152815 0.0670451 0.0841363
-0.0150009 0.0670451 0.0841636
0.0112991 0.0670451 0.0841636
0.0207185 0.0670451 0.0823997
0.0327184 0.0670451 0.0786101
0.0447185 0.0670451 0.0753102
0.0446777 0.0670451 0.0841636
0.0567184 0.0670451 0.0763486
-0.0512815 0.0790451 0.0785902
-0.0445174 0.0790451 0.0841636
-0.0392815 0.0790451 0.0788358
-0.0272815 0.0790451 0.0802662
-0.0152815 0.0790451 0.0832576
-0.00600317 0.0790451 0.0841636
0.00871846 0.0790451 0.0837573
0.00871846 0.0735075 0.0841636
0.00144365 0.0790451 0.0841636
0.0207185 0.0790451 0.0814779
0.0327184 0.0790451 0.078643
0.0447185 0.0790451 0.078437
0.0426084 0.0790451 0.0841636
0.0567184 0.0790451 0.0753003
-0.0512815 0.0910451 0.0782715
-0.0402525 0.0910451 0.0841636
-0.0392815 0.0910451 0.0802342
-0.0272815 0.0910451 0.0788524
-0.0152815 0.0910451 0.0812776
-0.00328153 0.0910451 0.0824553
-0.00328153 0.0806715 0.0841636
0.00871846 0.0910451 0.0817866
0.0207185 0.0910451 0.079441
0.0327184 0.0910451 0.0788663
0.0447185 0.0910451 0.0784239
0.0380237 0.0910451 0.0841636
0.0567184 0.0910451 0.07301
-0.0512815 0.103045 0.074635
-0.0392815 0.103045 0.0777863
-0.0392815 0.0927995 0.0841636
-0.0321659 0.103045 0.0841636
-0.0272815 0.103045 0.0795056
-0.0152815 0.103045 0.0788859
-0.00328153 0.103045 0.0793447
0.00871846 0.103045 0.0788672
0.0207185 0.103045 0.0790997
0.0301048 0.103045 0.0841636
0.0327184 0.0998661 0.0841636
0.0327184 0.103045 0.0761023
0.0447185 0.103045 0.0773913
-0.0392815 0.115045 0.0766166
-0.0272815 0.115045 0.0772007
-0.0272815 0.108079 0.0841636
-0.0169468 0.115045 0.0841636
-0.0152815 0.115045 0.0814347
-0.00328153 0.115045 0.0796725
0.00871846 0.115045 0.0804278
0.0134421 0.115045 0.0841636
0.0207185 0.111283 0.0841636
0.0207185 0.115045 0.0759005
0.0327184 0.115045 0.0781037
0.0447185 0.115045 0.0722975
-0.0272815 0.127045 0.0755708
-0.0152815 0.127045 0.077536
-0.0152815 0.115922 0.0841636
-0.00328153 0.127045 0.0771902
-0.00328153 0.118426 0.0841636
0.00871846 0.127045 0.0773582
0.00871846 0.116964 0.0841636
0.0207185 0.127045 0.076778
0.0327184 0.127045 0.0722318
-0.0152815 0.0190451 0.086928
-0.00328153 0.0190451 0.0880827
0.00871846 0.0190451 0.0874303
0.0207185 0.0190451 0.0853177
-0.0272815 0.0310451 0.0877944
-0.0152815 0.0310451 0.089047
-0.00328153 0.0310451 0.0886939
0.00871846 0.0310451 0.0889012
0.0207185 0.0310451 0.0890025
0.0327184 0.0310451 0.0854451
-0.0392815 0.0430451 0.0860271
-0.0272815 0.0430451 0.0893049
-0.0152815 0.0430451 0.087853
-0.00328153 0.0430451 0.0855963
0.00871846 0.0430451 0.0871986
0.0207185 0.0430451 0.0889881
0.0327184 0.0430451 0.0879857
-0.0392815 0.0550451 0.0873847
-0.0272815 0.0550451 0.0890155
-0.0152815 0.0550451 0.0852122
0.0207185 0.0550451 0.0884243
0.0327184 0.0550451 0.0893055
-0.0392815 0.0670451 0.0875928
-0.0272815 0.0670451 0.0889836
-0.0152815 0.0670451 0.0843402
0.0207185 0.0670451 0.0883459
0.0327184 0.0670451 0.0894915
-0.0392815 0.0790451 0.0866854
-0.0272815 0.0790451 0.0892519
-0.0152815 0.0790451 0.0872228
0.00871846 0.0790451 0.0860643
0.0207185 0.0790451 0.0888757
0.0327184 0.0790451 0.0885731
-0.0392815 0.0910451 0.0846322
-0.0272815 0.0910451 0.0889807
-0.0152815 0.0910451 0.0888602
-0.00328153 0.0910451 0.0882583
0.00871846 0.0910451 0.0886442
0.0207185 0.0910451 0.0894264
0.0327184 0.0910451 0.0865285
-0.0272815 0.103045 0.0859548
-0.0152815 0.103045 0.0887818
-0.00328153 0.103045 0.0893739
0.00871846 0.103045 0.0892576
0.0207185 0.103045 0.0871029
-0.0152815 0.115045 0.084563
-0.00328153 0.115045 0.0857167
0.00871846 0.115045 0.0850394
