0.45748 0.24668 0.409774
0.45748 0.241529 0.41185
0.448944 0.24668 0.41185
0.46948 0.24668 0.408806
0.46948 0.239136 0.41185
0.48148 0.24668 0.409401
0.48148 0.240585 0.41185
0.49348 0.24668 0.411508
0.49348 0.24584 0.41185
0.494643 0.24668 0.41185
0.44548 0.25868 0.409182
0.44548 0.249543 0.41185
0.438148 0.25868 0.41185
0.45748 0.25868 0.406796
0.46948 0.25868 0.407035
0.48148 0.25868 0.406884
0.49348 0.25868 0.407953
0.50548 0.25868 0.411477
0.50548 0.257409 0.41185
0.50631 0.25868 0.41185
0.43348 0.27068 0.411294
0.43348 0.267814 0.41185
0.432298 0.27068 0.41185
0.44548 0.27068 0.406955
0.45748 0.27068 0.407468
0.46948 0.27068 0.408177
0.48148 0.27068 0.407685
0.49348 0.27068 0.406731
0.50548 0.27068 0.409212
0.511346 0.27068 0.41185
0.429918 0.28268 0.41185
0.43348 0.28268 0.410178
0.44548 0.28268 0.406749
0.45748 0.28268 0.408189
0.46948 0.28268 0.409863
0.48148 0.28268 0.408608
0.49348 0.28268 0.406958
0.50548 0.28268 0.408157
0.513692 0.28268 0.41185
0.429957 0.29468 0.41185
0.43348 0.29468 0.410201
0.44548 0.29468 0.406708
0.45748 0.29468 0.408078
0.46948 0.29468 0.409581
0.48148 0.29468 0.408438
0.49348 0.29468 0.406898
0.50548 0.29468 0.408203
0.513592 0.29468 0.41185
0.432447 0.30668 0.41185
0.43348 0.30668 0.411367
0.44548 0.30668 0.407049
0.45748 0.30668 0.407305
0.46948 0.30668 0.40786
0.48148 0.30668 0.407443
0.49348 0.30668 0.406615
0.50548 0.30668 0.409353
0.511025 0.30668 0.41185
0.43348 0.309292 0.41185
0.438089 0.31868 0.41185
0.44548 0.31868 0.409186
0.45748 0.31868 0.406692
0.46948 0.31868 0.406862
0.48148 0.31868 0.40673
0.49348 0.31868 0.408021
0.50548 0.31868 0.411547
0.506152 0.31868 0.41185
0.44548 0.328539 0.41185
0.447812 0.33068 0.41185
0.45748 0.33068 0.40946
0.46948 0.33068 0.408521
0.48148 0.33068 0.409166
0.49348 0.33068 0.41131
0.50548 0.319786 0.41185
0.495304 0.33068 0.41185
0.45748 0.337279 0.41185
0.46948 0.339856 0.41185
0.48148 0.338077 0.41185
0.49348 0.332139 0.41185
0.44548 0.01868 0.423522
0.44548 0.0178785 0.42385
0.444764 0.01868 0.42385
0.45748 0.01868 0.420275
0.45748 0.0129727 0.42385
0.46948 0.01868 0.418635
0.46948 0.0120325 0.42385
0.48148 0.01868 0.418672
0.48148 0.0120709 0.42385
0.49348 0.01868 0.420409
0.49348 0.013161 0.42385
0.50548 0.01868 0.423754
0.50548 0.0184443 0.42385
0.505685 0.01868 0.42385
0.44548 0.0189913 0.42385
0.45748 0.0216226 0.42385
0.46948 0.022617 0.42385
0.48148 0.0225935 0.42385
0.49348 0.0215235 0.42385
0.50548 0.0187716 0.42385
0.45748 0.22268 0.421932
0.45748 0.22011 0.42385
0.450078 0.22268 0.42385
0.46948 0.22268 0.420662
0.46948 0.218346 0.42385
0.48148 0.22268 0.421283
0.48148 0.219174 0.42385
0.49348 0.22268 0.423764
0.49348 0.222563 0.42385
0.493721 0.22268 0.42385
0.49348 0.222563 0.42385
0.43348 0.23468 0.422872
0.43348 0.23301 0.42385
0.431744 0.23468 0.42385
0.44548 0.23468 0.418384
0.44548 0.224862 0.42385
0.45748 0.23468 0.419195
0.46948 0.23468 0.421259
0.48148 0.23468 0.420079
0.49348 0.23468 0.418572
0.50548 0.23468 0.420774
0.50548 0.229604 0.42385
0.511677 0.23468 0.42385
0.422289 0.24668 0.42385
0.43348 0.24668 0.418281
0.44548 0.245785 0.42385
0.444548 0.24668 0.42385
0.45748 0.238754 0.42385
0.45748 0.24668 0.416397
0.46948 0.24668 0.41658
0.46948 0.235828 0.42385
0.48148 0.24668 0.416363
0.48148 0.237213 0.42385
0.49348 0.24668 0.413924
0.49348 0.242908 0.42385
0.498078 0.24668 0.42385
0.50548 0.24668 0.418419
0.51748 0.24668 0.421176
0.51748 0.24084 0.42385
0.521595 0.24668 0.42385
0.42148 0.25868 0.420075
0.42148 0.24776 0.42385
0.416043 0.25868 0.42385
0.422289 0.24668 0.42385
0.43348 0.25868 0.41979
0.44548 0.25868 0.41659
0.435583 0.25868 0.42385
0.45748 0.25868 0.416649
0.46948 0.25868 0.415542
0.48148 0.25868 0.416158
0.49348 0.25868 0.41691
0.50548 0.25868 0.414914
0.50548 0.255143 0.42385
0.507783 0.25868 0.42385
0.51748 0.25868 0.418123
0.52713 0.25868 0.42385
0.412476 0.27068 0.42385
0.42148 0.27068 0.41777
0.43079 0.27068 0.42385
0.43348 0.263178 0.42385
0.43348 0.27068 0.415078
0.44548 0.27068 0.417049
0.45748 0.27068 0.414363
0.46948 0.27068 0.413324
0.48148 0.27068 0.413941
0.49348 0.27068 0.416211
0.50548 0.27068 0.417075
0.512729 0.27068 0.42385
0.51748 0.27068 0.41847
0.52948 0.27068 0.422509
0.52948 0.264522 0.42385
0.531179 0.27068 0.42385
0.410988 0.28268 0.42385
0.42148 0.28268 0.417751
0.43348 0.28268 0.416516
0.428789 0.28268 0.42385
0.44548 0.28268 0.416353
0.45748 0.28268 0.413314
0.46948 0.28268 0.412313
0.48148 0.28268 0.412933
0.49348 0.28268 0.415172
0.50548 0.28268 0.417276
0.514986 0.28268 0.42385
0.51748 0.28268 0.418954
0.52948 0.28268 0.421278
0.532742 0.28268 0.42385
0.410955 0.29468 0.42385
0.42148 0.29468 0.417705
0.43348 0.29468 0.416576
0.428936 0.29468 0.42385
0.44548 0.29468 0.416436
0.45748 0.29468 0.413396
0.46948 0.29468 0.412401
0.48148 0.29468 0.413028
0.49348 0.29468 0.415275
0.50548 0.29468 0.417314
0.514765 0.29468 0.42385
0.51748 0.29468 0.418788
0.52948 0.29468 0.421332
0.532676 0.29468 0.42385
0.412385 0.30668 0.42385
0.42148 0.30668 0.417685
0.43348 0.30668 0.415145
0.431192 0.30668 0.42385
0.44548 0.30668 0.417085
0.45748 0.30668 0.414586
0.46948 0.30668 0.413567
0.48148 0.30668 0.414205
0.49348 0.30668 0.416496
0.50548 0.30668 0.417182
0.512115 0.30668 0.42385
0.51748 0.30668 0.418272
0.52948 0.30668 0.422677
0.530969 0.30668 0.42385
0.415837 0.31868 0.42385
0.42148 0.31868 0.419975
0.43348 0.313032 0.42385
0.43348 0.31868 0.419106
0.44548 0.31868 0.416716
0.436091 0.31868 0.42385
0.45748 0.31868 0.416866
0.46948 0.31868 0.415788
0.48148 0.31868 0.41644
0.49348 0.31868 0.417049
0.50548 0.31868 0.415303
0.50708 0.31868 0.42385
0.51748 0.31868 0.417989
0.52948 0.312226 0.42385
0.527123 0.31868 0.42385
0.421373 0.33068 0.42385
0.42148 0.33068 0.423777
0.43348 0.33068 0.418105
0.444297 0.33068 0.42385
0.45748 0.33068 0.416776
0.46948 0.33068 0.416834
0.48148 0.33068 0.416653
0.49348 0.33068 0.414949
0.50548 0.33068 0.418132
0.497815 0.33068 0.42385
0.50548 0.321276 0.42385
0.51748 0.33068 0.420951
0.521928 0.33068 0.42385
0.42148 0.33085 0.42385
0.430037 0.34268 0.42385
0.43348 0.34268 0.421924
0.44548 0.34268 0.418349
0.44548 0.331945 0.42385
0.45748 0.34268 0.419221
0.45748 0.339516 0.42385
0.46948 0.342646 0.42385
0.46948 0.34268 0.423695
0.48148 0.340953 0.42385
0.48148 0.34268 0.420392
0.49348 0.334573 0.42385
0.49348 0.34268 0.418415
0.50548 0.34268 0.419995
0.51748 0.337676 0.42385
0.513248 0.34268 0.42385
0.43348 0.346375 0.42385
0.443714 0.35468 0.42385
0.44548 0.35468 0.423111
0.45748 0.35468 0.420009
0.46948 0.35468 0.418819
0.48148 0.35468 0.41952
0.49348 0.35468 0.422055
0.50548 0.349885 0.42385
0.49847 0.35468 0.42385
0.43348 0.01868 0.430714
0.43348 0.0123816 0.43585
0.426355 0.01868 0.43585
0.44548 0.0114018 0.43585
0.45748 0.0129578 0.43585
0.46948 0.014075 0.43585
0.48148 0.0140718 0.43585
0.49348 0.01294 0.43585
0.50548 0.0114506 0.43585
0.51748 0.01868 0.431172
0.51748 0.0128198 0.43585
0.523733 0.01868 0.43585
0.43348 0.0220033 0.43585
0.44548 0.0242556 0.43585
0.45748 0.0244508 0.43585
0.46948 0.0242172 0.43585
0.48148 0.0242169 0.43585
0.49348 0.0244523 0.43585
0.50548 0.0242172 0.43585
0.51748 0.0217445 0.43585
0.44548 0.21068 0.435793
0.44548 0.210627 0.43585
0.445364 0.21068 0.43585
0.45748 0.21068 0.432008
0.45748 0.207135 0.43585
0.46948 0.21068 0.430443
0.46948 0.20569 0.43585
0.48148 0.21068 0.431097
0.48148 0.206254 0.43585
0.49348 0.21068 0.433967
0.49348 0.208908 0.43585
0.497998 0.21068 0.43585
0.43348 0.22268 0.43087
0.43348 0.217005 0.43585
0.42576 0.22268 0.43585
0.44548 0.22268 0.429269
0.450214 0.22268 0.43585
0.45748 0.217865 0.43585
0.45748 0.22268 0.429411
0.46948 0.22268 0.429355
0.46948 0.217299 0.43585
0.48148 0.22268 0.429246
0.48148 0.217459 0.43585
0.49348 0.22268 0.426255
0.49348 0.220593 0.43585
0.50548 0.22268 0.429642
0.50548 0.215179 0.43585
0.49433 0.22268 0.43585
0.51748 0.22268 0.435531
0.50548 0.215179 0.43585
0.51748 0.222318 0.43585
0.517894 0.22268 0.43585
0.42148 0.23468 0.430308
0.42148 0.226569 0.43585
0.41483 0.23468 0.43585
0.432047 0.23468 0.43585
0.43348 0.233054 0.43585
0.43348 0.23468 0.43096
0.44548 0.23468 0.429257
0.44548 0.224855 0.43585
0.44548 0.224855 0.43585
0.45748 0.23468 0.425782
0.46948 0.23468 0.424386
0.48148 0.23468 0.425027
0.49348 0.23468 0.427699
0.50548 0.23468 0.429676
0.50548 0.229636 0.43585
0.511066 0.23468 0.43585
0.51748 0.23468 0.429068
0.528284 0.23468 0.43585
0.40948 0.24668 0.434006
0.40948 0.243378 0.43585
0.40765 0.24668 0.43585
0.42148 0.24668 0.427591
0.43348 0.24668 0.429003
0.422768 0.24668 0.43585
0.50548 0.24668 0.426693
0.51748 0.24668 0.430574
0.51748 0.242311 0.43585
0.52948 0.24668 0.429785
0.52948 0.235543 0.43585
0.520913 0.24668 0.43585
0.535991 0.24668 0.43585
0.402798 0.25868 0.43585
0.40948 0.25868 0.429133
0.416934 0.25868 0.43585
0.42148 0.24895 0.43585
0.42148 0.25868 0.430049
0.43348 0.25868 0.424824
0.51748 0.25868 0.429169
0.526189 0.25868 0.43585
0.52948 0.25868 0.427919
0.539469 0.25868 0.43585
0.401597 0.27068 0.43585
0.40948 0.27068 0.427934
0.42148 0.27068 0.429593
0.413942 0.27068 0.43585
0.51748 0.27068 0.426448
0.52948 0.27068 0.434165
0.52948 0.269706 0.43585
0.54148 0.27068 0.433341
0.54148 0.260942 0.43585
0.530589 0.27068 0.43585
0.543758 0.27068 0.43585
0.399998 0.28268 0.43585
0.42148 0.28268 0.428347
0.41242 0.28268 0.43585
0.51748 0.28268 0.425212
0.52948 0.28268 0.431483
0.533109 0.28268 0.43585
0.54148 0.28268 0.431889
0.545082 0.28268 0.43585
0.399873 0.29468 0.43585
0.40948 0.29468 0.426301
0.42148 0.29468 0.42843
0.412504 0.29468 0.43585
0.51748 0.29468 0.425332
0.52948 0.29468 0.431644
0.532944 0.29468 0.43585
0.54148 0.29468 0.431943
0.545038 0.29468 0.43585
0.401386 0.30668 0.43585
0.40948 0.30668 0.427809
0.42148 0.30668 0.429809
0.414163 0.30668 0.43585
0.51748 0.30668 0.426781
0.52948 0.305975 0.43585
0.529368 0.30668 0.43585
0.54148 0.30668 0.433508
0.543614 0.30668 0.43585
0.402511 0.31868 0.43585
0.40948 0.31868 0.428915
0.42148 0.31868 0.430289
0.417173 0.31868 0.43585
0.43348 0.31868 0.425057
0.51748 0.31868 0.429543
0.525744 0.31868 0.43585
0.52948 0.31868 0.427785
0.54148 0.316098 0.43585
0.539507 0.31868 0.43585
0.406943 0.33068 0.43585
0.40948 0.33068 0.433327
0.42148 0.328719 0.43585
0.422492 0.33068 0.43585
0.43348 0.33068 0.428902
0.50548 0.33068 0.426806
0.51748 0.33068 0.430963
0.52066 0.33068 0.43585
0.52948 0.33068 0.429505
0.536323 0.33068 0.43585
0.40948 0.335676 0.43585
0.413463 0.34268 0.43585
0.42148 0.34268 0.429288
0.431117 0.34268 0.43585
0.43348 0.34268 0.430765
0.44548 0.34268 0.428554
0.45748 0.34268 0.425187
0.46948 0.34268 0.423864
0.48148 0.34268 0.424565
0.49348 0.34268 0.427266
0.50548 0.34268 0.430008
0.51748 0.34268 0.42848
0.511749 0.34268 0.43585
0.51748 0.335196 0.43585
0.52948 0.34268 0.435311
0.53006 0.34268 0.43585
0.42148 0.353852 0.43585
0.422452 0.35468 0.43585
0.43348 0.35468 0.429505
0.43348 0.345389 0.43585
0.44548 0.35468 0.429331
0.443625 0.35468 0.43585
0.45748 0.35468 0.429153
0.46948 0.35468 0.429105
0.48148 0.35468 0.42904
0.49348 0.35468 0.428761
0.50548 0.35468 0.429622
0.499334 0.35468 0.43585
0.50548 0.349511 0.43585
0.51748 0.35468 0.433561
0.52948 0.343551 0.43585
0.52048 0.35468 0.43585
0.42148 0.01868 0.440438
0.42148 0.0119975 0.44785
0.415389 0.01868 0.44785
0.43348 0.0120325 0.44785
0.44548 0.0149602 0.44785
0.45748 0.0159352 0.44785
0.46948 0.016358 0.44785
0.48148 0.0163626 0.44785
0.49348 0.0159394 0.44785
0.50548 0.0149745 0.44785
0.51748 0.0119784 0.44785
0.52948 0.01868 0.441264
0.52948 0.012414 0.44785
0.534828 0.01868 0.44785
0.42148 0.0223232 0.44785
0.43348 0.024638 0.44785
0.44548 0.0239784 0.44785
0.45748 0.023702 0.44785
0.46948 0.0236513 0.44785
0.48148 0.0236436 0.44785
0.49348 0.0236894 0.44785
0.50548 0.0239758 0.44785
0.51748 0.0246663 0.44785
0.52948 0.0220626 0.44785
0.46948 0.19868 0.446198
0.46948 0.197698 0.44785
0.459164 0.19868 0.44785
0.48148 0.19868 0.446957
0.48148 0.198148 0.44785
0.484394 0.19868 0.44785
0.43348 0.21068 0.442548
0.43348 0.206609 0.44785
0.426891 0.21068 0.44785
0.44548 0.206561 0.44785
0.450958 0.21068 0.44785
0.45748 0.21068 0.443522
0.46948 0.201575 0.44785
0.46948 0.21068 0.442888
0.48148 0.21068 0.443054
0.48148 0.200736 0.44785
0.493189 0.21068 0.44785
0.49348 0.210234 0.44785
0.50548 0.21068 0.440214
0.50548 0.205235 0.44785
0.516932 0.21068 0.44785
0.42148 0.22268 0.439759
0.42148 0.215324 0.44785
0.413724 0.22268 0.44785
0.429053 0.22268 0.44785
0.43348 0.217497 0.44785
0.43348 0.22268 0.443032
0.44548 0.212466 0.44785
0.44548 0.22268 0.437515
0.49348 0.210757 0.44785
0.50548 0.216285 0.44785
0.50548 0.22268 0.441311
0.514614 0.22268 0.44785
0.51748 0.212096 0.44785
0.52948 0.22268 0.446336
0.52948 0.221232 0.44785
0.530799 0.22268 0.44785
0.40948 0.23468 0.4414
0.40948 0.227089 0.44785
0.404154 0.23468 0.44785
0.417033 0.23468 0.44785
0.42148 0.230399 0.44785
0.42148 0.23468 0.443589
0.51748 0.23468 0.440304
0.51748 0.225204 0.44785
0.52948 0.23468 0.437379
0.525771 0.23468 0.44785
0.536943 0.23468 0.44785
0.400229 0.24668 0.44785
0.42148 0.24668 0.436845
0.410827 0.24668 0.44785
0.52948 0.24668 0.443428
0.52948 0.240395 0.44785
0.54148 0.24668 0.442211
0.54148 0.238298 0.44785
0.534742 0.24668 0.44785
0.545681 0.24668 0.44785
0.39748 0.25868 0.442378
0.39748 0.247657 0.44785
0.393628 0.25868 0.44785
0.40948 0.25868 0.443559
0.404022 0.25868 0.44785
0.40948 0.249841 0.44785
0.39748 0.247657 0.44785
0.52948 0.25868 0.438797
0.537435 0.25868 0.44785
0.54148 0.25868 0.43722
0.547811 0.25868 0.44785
0.391386 0.27068 0.44785
0.39748 0.27068 0.438921
0.40948 0.27068 0.440432
0.403287 0.27068 0.44785
0.540271 0.27068 0.44785
0.54843 0.27068 0.44785
0.391347 0.28268 0.44785
0.39748 0.28268 0.437409
0.40948 0.28268 0.43885
0.401946 0.28268 0.44785
0.54148 0.28268 0.447524
0.54148 0.281781 0.44785
0.54148 0.281781 0.44785
0.543747 0.28268 0.44785
0.55348 0.28268 0.447264
0.55348 0.278796 0.44785
0.553865 0.28268 0.44785
0.391284 0.29468 0.44785
0.39748 0.29468 0.437345
0.40948 0.29468 0.438919
0.401987 0.29468 0.44785
0.54148 0.29468 0.44785
0.55348 0.29468 0.447308
0.553836 0.29468 0.44785
0.391262 0.30668 0.44785
0.39748 0.30668 0.438801
0.40948 0.30668 0.44058
0.403367 0.30668 0.44785
0.52948 0.30668 0.43595
0.54 0.30668 0.44785
0.55348 0.298083 0.44785
0.548678 0.30668 0.44785
0.393303 0.31868 0.44785
0.39748 0.31868 0.44197
0.40948 0.31868 0.443594
0.404175 0.31868 0.44785
0.52948 0.31868 0.439176
0.537153 0.31868 0.44785
0.54148 0.31868 0.437266
0.547996 0.31868 0.44785
0.397126 0.33068 0.44785
0.39748 0.33068 0.447352
0.40948 0.328624 0.44785
0.42148 0.33068 0.436623
0.410281 0.33068 0.44785
0.52948 0.33068 0.443617
0.534424 0.33068 0.44785
0.54148 0.33068 0.441755
0.546089 0.33068 0.44785
0.39748 0.331496 0.44785
0.402752 0.34268 0.44785
0.40948 0.34268 0.439835
0.416867 0.34268 0.44785
0.42148 0.34268 0.44324
0.51748 0.34268 0.439752
0.52948 0.337439 0.44785
0.52643 0.34268 0.44785
0.538628 0.34268 0.44785
0.54148 0.340942 0.44785
0.40948 0.353931 0.44785
0.410971 0.35468 0.44785
0.42148 0.35468 0.437489
0.42148 0.349533 0.44785
0.43348 0.35468 0.441328
0.425306 0.35468 0.44785
0.50548 0.35468 0.438815
0.51748 0.35468 0.445435
0.519227 0.35468 0.44785
0.52948 0.35468 0.443887
0.53299 0.35468 0.44785
0.40948 0.01868 0.456317
0.40948 0.0147977 0.45985
0.407633 0.01868 0.45985
0.42148 0.0115263 0.45985
0.43348 0.015054 0.45985
0.44548 0.016391 0.45985
0.45748 0.017395 0.45985
0.46948 0.0181543 0.45985
0.48148 0.0180924 0.45985
0.49348 0.0173288 0.45985
0.50548 0.0163538 0.45985
0.51748 0.0150479 0.45985
0.52948 0.0115461 0.45985
0.54148 0.01868 0.457593
0.54148 0.0160419 0.45985
0.54266 0.01868 0.45985
0.407633 0.01868 0.45985
0.40948 0.0202483 0.45985
0.42148 0.0244511 0.45985
0.43348 0.0239405 0.45985
0.44548 0.0236998 0.45985
0.45748 0.0240263 0.45985
0.46948 0.0254424 0.45985
0.48148 0.0248708 0.45985
0.49348 0.0238327 0.45985
0.50548 0.0236518 0.45985
0.51748 0.0239454 0.45985
0.52948 0.0243706 0.45985
0.54148 0.0197262 0.45985
0.44548 0.19868 0.453766
0.44548 0.195821 0.45985
0.437459 0.19868 0.45985
0.45748 0.19868 0.448325
0.45748 0.193798 0.45985
0.46948 0.193857 0.45985
0.48148 0.193825 0.45985
0.49348 0.19868 0.451225
0.49348 0.194406 0.45985
0.50548 0.19868 0.459034
0.50548 0.198296 0.45985
0.506397 0.19868 0.45985
0.42148 0.21068 0.453454
0.42148 0.206847 0.45985
0.41639 0.21068 0.45985
0.432819 0.21068 0.45985
0.43348 0.21068 0.459228
0.44548 0.202948 0.45985
0.44548 0.21068 0.450479
0.45748 0.202508 0.45985
0.46948 0.201191 0.45985
0.48148 0.201808 0.45985
0.49348 0.203358 0.45985
0.49348 0.21068 0.447964
0.50548 0.21068 0.455586
0.50548 0.200329 0.45985
0.51748 0.21068 0.448501
0.51748 0.205397 0.45985
0.510253 0.21068 0.45985
0.526146 0.21068 0.45985
0.40948 0.22268 0.452502
0.40948 0.217051 0.45985
0.404699 0.22268 0.45985
0.40948 0.217051 0.45985
0.416942 0.22268 0.45985
0.42148 0.217619 0.45985
0.42148 0.22268 0.455716
0.51748 0.22268 0.450387
0.51748 0.215296 0.45985
0.525476 0.22268 0.45985
0.52948 0.214574 0.45985
0.53664 0.22268 0.45985
0.39748 0.23468 0.458638
0.39748 0.233573 0.45985
0.39681 0.23468 0.45985
0.403357 0.23468 0.45985
0.40948 0.233026 0.45985
0.40948 0.23468 0.458315
0.52948 0.23468 0.452323
0.52948 0.227454 0.45985
0.535125 0.23468 0.45985
0.54148 0.23468 0.450765
0.54148 0.226089 0.45985
0.546871 0.23468 0.45985
0.39172 0.24668 0.45985
0.39748 0.24668 0.448563
0.40948 0.24668 0.449557
0.40274 0.24668 0.45985
0.541014 0.24668 0.45985
0.545111 0.24668 0.45985
0.39273 0.25868 0.45985
0.398567 0.25868 0.45985
0.54148 0.25868 0.453793
0.54148 0.24792 0.45985
0.548162 0.25868 0.45985
0.55348 0.25868 0.454146
0.55348 0.249683 0.45985
0.556358 0.25868 0.45985
0.38548 0.27068 0.458119
0.38548 0.26654 0.45985
0.384632 0.27068 0.45985
0.39748 0.27068 0.457155
0.389808 0.27068 0.45985
0.39748 0.263628 0.45985
0.54148 0.27068 0.449615
0.547909 0.27068 0.45985
0.55348 0.27068 0.449366
0.558812 0.27068 0.45985
0.383417 0.28268 0.45985
0.38548 0.28268 0.455648
0.39748 0.28268 0.454975
0.390636 0.28268 0.45985
0.548802 0.28268 0.45985
0.558991 0.28268 0.45985
0.383376 0.29468 0.45985
0.38548 0.29468 0.455564
0.39748 0.29468 0.455014
0.390703 0.29468 0.45985
0.548735 0.29468 0.45985
0.559027 0.29468 0.45985
0.384506 0.30668 0.45985
0.38548 0.30668 0.457865
0.39748 0.30668 0.457173
0.390171 0.30668 0.45985
0.54148 0.30668 0.449976
0.547842 0.30668 0.45985
0.55348 0.30668 0.449524
0.558782 0.30668 0.45985
0.38548 0.311899 0.45985
0.39748 0.314232 0.45985
0.392512 0.31868 0.45985
0.398407 0.31868 0.45985
0.54148 0.31868 0.454054
0.547945 0.31868 0.45985
0.55348 0.31868 0.454004
0.556479 0.31868 0.45985
0.391615 0.33068 0.45985
0.40948 0.33068 0.448848
0.402194 0.33068 0.45985
0.54148 0.330114 0.45985
0.541284 0.33068 0.45985
0.544572 0.33068 0.45985
0.55348 0.328966 0.45985
0.395197 0.34268 0.45985
0.39748 0.34268 0.455871
0.404192 0.34268 0.45985
0.40948 0.34268 0.457036
0.52948 0.34268 0.451469
0.54148 0.34268 0.449287
0.535513 0.34268 0.45985
0.547462 0.34268 0.45985
0.39748 0.347002 0.45985
0.403121 0.35468 0.45985
0.40948 0.35468 0.448795
0.40948 0.346068 0.45985
0.42148 0.35468 0.451593
0.414634 0.35468 0.45985
0.52948 0.352915 0.45985
0.528416 0.35468 0.45985
0.54148 0.35468 0.459789
0.541517 0.35468 0.45985
0.40948 0.0115495 0.47185
0.403641 0.01868 0.47185
0.42148 0.0137478 0.47185
0.43348 0.0160061 0.47185
0.44548 0.0175345 0.47185
0.45245 0.01868 0.47185
0.45748 0.01868 0.467164
0.46948 0.01868 0.461888
0.48148 0.01868 0.462241
0.49348 0.01868 0.468838
0.50548 0.0173252 0.47185
0.496485 0.01868 0.47185
0.51748 0.015977 0.47185
0.52948 0.0136131 0.47185
0.54148 0.0120246 0.47185
0.546554 0.01868 0.47185
0.40948 0.0226395 0.47185
0.42148 0.0242625 0.47185
0.43348 0.0237506 0.47185
0.44548 0.0243349 0.47185
0.45748 0.0224185 0.47185
0.450436 0.03068 0.47185
0.45748 0.03068 0.465464
0.46948 0.0230393 0.47185
0.46948 0.03068 0.460845
0.48148 0.0230618 0.47185
0.48148 0.03068 0.461271
0.49348 0.0223192 0.47185
0.49348 0.03068 0.467449
0.497927 0.03068 0.47185
0.50548 0.0238896 0.47185
0.51748 0.0237007 0.47185
0.52948 0.0242836 0.47185
0.54148 0.0223583 0.47185
0.45748 0.032749 0.47185
0.46948 0.0362646 0.47185
0.48148 0.0356426 0.47185
0.49348 0.0318238 0.47185
0.45748 0.18668 0.468106
0.45748 0.182997 0.47185
0.452319 0.18668 0.47185
0.46948 0.18668 0.464886
0.46948 0.178124 0.47185
0.48148 0.18668 0.466039
0.48148 0.180197 0.47185
0.491425 0.18668 0.47185
0.43348 0.19868 0.463883
0.43348 0.195889 0.47185
0.42764 0.19868 0.47185
0.44548 0.193988 0.47185
0.451649 0.19868 0.47185
0.45748 0.193331 0.47185
0.45748 0.19868 0.467684
0.452319 0.18668 0.47185
0.46948 0.19868 0.464128
0.46948 0.193073 0.47185
0.48148 0.19868 0.46562
0.48148 0.193417 0.47185
0.491998 0.19868 0.47185
0.49348 0.194508 0.47185
0.50548 0.193924 0.47185
0.516185 0.19868 0.47185
0.42148 0.206212 0.47185
0.409985 0.21068 0.47185
0.424537 0.21068 0.47185
0.43348 0.20292 0.47185
0.44548 0.200831 0.47185
0.49348 0.199161 0.47185
0.50548 0.203449 0.47185
0.51748 0.21068 0.468803
0.52948 0.21068 0.463521
0.52948 0.207013 0.47185
0.520846 0.21068 0.47185
0.53378 0.21068 0.47185
0.40948 0.211269 0.47185
0.403656 0.22268 0.47185
0.411376 0.22268 0.47185
0.42148 0.212848 0.47185
0.52948 0.22268 0.466648
0.52948 0.21773 0.47185
0.54148 0.22268 0.464868
0.54148 0.218777 0.47185
0.534863 0.22268 0.47185
0.544494 0.22268 0.47185
0.39748 0.225399 0.47185
0.391937 0.23468 0.47185
0.403193 0.23468 0.47185
0.40948 0.225087 0.47185
0.540655 0.23468 0.47185
0.545228 0.23468 0.47185
0.39748 0.24668 0.471702
0.39748 0.246543 0.47185
0.54148 0.24668 0.460791
0.54148 0.236248 0.47185
0.548315 0.24668 0.47185
0.55348 0.24668 0.462323
0.55348 0.238335 0.47185
0.557067 0.24668 0.47185
0.38548 0.25868 0.464278
0.38548 0.250096 0.47185
0.382843 0.25868 0.47185
0.39748 0.25868 0.462294
0.390284 0.25868 0.47185
0.550153 0.25868 0.47185
0.558414 0.25868 0.47185
0.380452 0.27068 0.47185
0.390745 0.27068 0.47185
0.552569 0.27068 0.47185
0.556766 0.27068 0.47185
0.380313 0.28268 0.47185
0.389868 0.28268 0.47185
0.55348 0.28268 0.471269
0.55348 0.280278 0.47185
0.380294 0.29468 0.47185
0.389852 0.29468 0.47185
0.55348 0.29468 0.471373
0.380258 0.30668 0.47185
0.390822 0.30668 0.47185
0.55348 0.296584 0.47185
0.552476 0.30668 0.47185
0.557019 0.30668 0.47185
0.382366 0.31868 0.47185
0.38548 0.31868 0.463195
0.390552 0.31868 0.47185
0.39748 0.31868 0.461849
0.550136 0.31868 0.47185
0.558536 0.31868 0.47185
0.38548 0.330203 0.47185
0.39748 0.33068 0.469876
0.54148 0.33068 0.460241
0.55348 0.33068 0.461075
0.547955 0.33068 0.47185
0.557705 0.33068 0.47185
0.39748 0.332825 0.47185
0.391952 0.34268 0.47185
0.401733 0.34268 0.47185
0.54148 0.34268 0.471746
0.55348 0.341825 0.47185
0.396301 0.35468 0.47185
0.39748 0.35468 0.469101
0.402793 0.35468 0.47185
0.40948 0.35468 0.468861
0.52948 0.35468 0.461583
0.54148 0.342786 0.47185
0.535648 0.35468 0.47185
0.546822 0.35468 0.47185
0.40948 0.0111784 0.48385
0.400974 0.01868 0.48385
0.42148 0.0147013 0.48385
0.43348 0.0165142 0.48385
0.44548 0.0186664 0.48385
0.445527 0.01868 0.48385
0.50548 0.0182021 0.48385
0.503497 0.01868 0.48385
0.51748 0.0164318 0.48385
0.52948 0.0146847 0.48385
0.54148 0.0114031 0.48385
0.549047 0.01868 0.48385
0.40948 0.0235237 0.48385
0.42148 0.0240268 0.48385
0.43348 0.0238515 0.48385
0.443242 0.03068 0.48385
0.44548 0.03068 0.479782
0.45748 0.0230599 0.48385
0.46948 0.0254604 0.48385
0.48148 0.0249713 0.48385
0.49348 0.0231464 0.48385
0.504516 0.03068 0.48385
0.50548 0.0255603 0.48385
0.51748 0.0237078 0.48385
0.52948 0.024033 0.48385
0.54148 0.0233404 0.48385
0.549048 0.01868 0.48385
0.44548 0.0314053 0.48385
0.45748 0.0387493 0.48385
0.462475 0.04268 0.48385
0.46948 0.04268 0.478563
0.48148 0.04268 0.481042
0.484214 0.04268 0.48385
0.49348 0.0355138 0.48385
0.467347 0.05468 0.48385
0.46948 0.05468 0.482441
0.48148 0.0491131 0.48385
0.475164 0.05468 0.48385
0.468655 0.06668 0.48385
0.46948 0.06668 0.483325
0.47153 0.06668 0.48385
0.469226 0.07868 0.48385
0.46948 0.07868 0.483692
0.470086 0.07868 0.48385
0.46948 0.0895985 0.48385
0.46948 0.12668 0.483776
0.46948 0.119676 0.48385
0.469354 0.12668 0.48385
0.469756 0.12668 0.48385
0.468964 0.13868 0.48385
0.46948 0.13868 0.483552
0.470591 0.13868 0.48385
0.468008 0.15068 0.48385
0.46948 0.15068 0.483012
0.472611 0.15068 0.48385
0.464038 0.16268 0.48385
0.46948 0.16268 0.480768
0.480911 0.16268 0.48385
0.45748 0.17468 0.479846
0.45748 0.169478 0.48385
0.45392 0.17468 0.48385
0.46948 0.17468 0.476949
0.48148 0.17468 0.476608
0.48148 0.163001 0.48385
0.489575 0.17468 0.48385
0.44548 0.18668 0.479737
0.44548 0.184221 0.48385
0.44282 0.18668 0.48385
0.46948 0.18668 0.477911
0.45896 0.18668 0.48385
0.46948 0.178968 0.48385
0.48148 0.18668 0.479733
0.48148 0.183232 0.48385
0.49348 0.18668 0.473588
0.49348 0.178744 0.48385
0.485077 0.18668 0.48385
0.500934 0.18668 0.48385
0.43348 0.193879 0.48385
0.422459 0.19868 0.48385
0.442117 0.19868 0.48385
0.44548 0.192958 0.48385
0.44548 0.19868 0.478745
0.45748 0.187604 0.48385
0.49348 0.19868 0.473058
0.49348 0.193325 0.48385
0.501613 0.19868 0.48385
0.50548 0.19405 0.48385
0.51748 0.19868 0.474548
0.51748 0.196734 0.48385
0.52104 0.19868 0.48385
0.40948 0.21068 0.472174
0.40948 0.207452 0.48385
0.406091 0.21068 0.48385
0.417438 0.21068 0.48385
0.42148 0.21068 0.478506
0.43348 0.202748 0.48385
0.50548 0.200692 0.48385
0.51748 0.202471 0.48385
0.52948 0.20533 0.48385
0.52386 0.21068 0.48385
0.536087 0.21068 0.48385
0.39748 0.22268 0.478471
0.39748 0.220827 0.48385
0.396123 0.22268 0.48385
0.402664 0.22268 0.48385
0.40948 0.218135 0.48385
0.40948 0.22268 0.477477
0.52948 0.21549 0.48385
0.54148 0.215331 0.48385
0.535922 0.22268 0.48385
0.547127 0.22268 0.48385
0.392773 0.23468 0.48385
0.399853 0.23468 0.48385
0.54148 0.23468 0.474712
0.54148 0.230743 0.48385
0.549233 0.23468 0.48385
0.55348 0.23468 0.478538
0.55348 0.232375 0.48385
0.554746 0.23468 0.48385
0.38548 0.24668 0.476587
0.38548 0.242815 0.48385
0.38388 0.24668 0.48385
0.389553 0.24668 0.48385
0.39748 0.239612 0.48385
0.54937 0.24668 0.48385
0.558482 0.24668 0.48385
0.380352 0.25868 0.48385
0.390548 0.25868 0.48385
0.553199 0.25868 0.48385
0.554932 0.25868 0.48385
0.380969 0.27068 0.48385
0.388147 0.27068 0.48385
0.55348 0.27068 0.475406
0.55348 0.260057 0.48385
0.564063 0.27068 0.48385
0.56548 0.27068 0.482565
0.56548 0.269186 0.48385
0.565757 0.27068 0.48385
0.38172 0.28268 0.48385
0.386976 0.28268 0.48385
0.56548 0.28268 0.477521
0.561855 0.28268 0.48385
0.566861 0.28268 0.48385
0.381729 0.29468 0.48385
0.386932 0.29468 0.48385
0.561777 0.29468 0.48385
0.56548 0.29468 0.477413
0.566898 0.29468 0.48385
0.380986 0.30668 0.48385
0.387979 0.30668 0.48385
0.55348 0.30668 0.475631
0.563584 0.30668 0.48385
0.56548 0.30668 0.482101
0.565869 0.30668 0.48385
0.380333 0.31868 0.48385
0.390119 0.31868 0.48385
0.55348 0.31794 0.48385
0.553336 0.31868 0.48385
0.554407 0.31868 0.48385
0.56548 0.308994 0.48385
0.382756 0.33068 0.48385
0.38548 0.33068 0.472384
0.390311 0.33068 0.48385
0.549857 0.33068 0.48385
0.558509 0.33068 0.48385
0.38548 0.338278 0.48385
0.39748 0.341159 0.48385
0.394226 0.34268 0.48385
0.398122 0.34268 0.48385
0.548098 0.34268 0.48385
0.55348 0.34268 0.473143
0.556184 0.34268 0.48385
0.393016 0.35468 0.48385
0.402868 0.35468 0.48385
0.54148 0.349661 0.48385
0.53901 0.35468 0.48385
0.546759 0.35468 0.48385
0.55348 0.348325 0.48385
0.40948 0.0111396 0.49585
0.40038 0.01868 0.49585
0.42148 0.0147477 0.49585
0.43348 0.016582 0.49585
0.443988 0.01868 0.49585
0.44548 0.01868 0.484367
0.50548 0.0184143 0.49585
0.504522 0.01868 0.49585
0.51748 0.0164774 0.49585
0.52948 0.0147171 0.49585
0.54148 0.0113257 0.49585
0.549662 0.01868 0.49585
0.40948 0.0236069 0.49585
0.42148 0.0240066 0.49585
0.43348 0.0239287 0.49585
0.441738 0.03068 0.49585
0.44548 0.0210301 0.49585
0.45748 0.0234266 0.49585
0.46948 0.0266851 0.49585
0.48148 0.0258303 0.49585
0.49348 0.0232136 0.49585
0.50548 0.03068 0.494109
0.505715 0.03068 0.49585
0.51748 0.0237767 0.49585
0.52948 0.0240192 0.49585
0.54148 0.0234617 0.49585
0.44548 0.0320733 0.49585
0.45748 0.0419934 0.49585
0.45793 0.04268 0.49585
0.487436 0.04268 0.49585
0.49348 0.0367818 0.49585
0.50548 0.0307434 0.49585
0.460753 0.05468 0.49585
0.48148 0.05468 0.488449
0.483948 0.05468 0.49585
0.461326 0.06668 0.49585
0.48148 0.06668 0.490799
0.483306 0.06668 0.49585
0.461446 0.07868 0.49585
0.48148 0.07868 0.491576
0.483099 0.07868 0.49585
0.461391 0.09068 0.49585
0.46948 0.09068 0.483873
0.48148 0.09068 0.491822
0.483062 0.09068 0.49585
0.461265 0.10268 0.49585
0.46948 0.10268 0.484011
0.48148 0.10268 0.491886
0.483084 0.10268 0.49585
0.461002 0.11468 0.49585
0.46948 0.11468 0.483924
0.48148 0.11468 0.49161
0.483235 0.11468 0.49585
0.460677 0.12668 0.49585
0.48148 0.12668 0.491186
0.483452 0.12668 0.49585
0.460259 0.13868 0.49585
0.48148 0.13868 0.490557
0.483761 0.13868 0.49585
0.459517 0.15068 0.49585
0.460259 0.13868 0.49585
0.48148 0.15068 0.489208
0.484402 0.15068 0.49585
0.45748 0.16268 0.494633
0.45748 0.16078 0.49585
0.457055 0.16268 0.49585
0.48148 0.16268 0.48418
0.486856 0.16268 0.49585
0.451116 0.17468 0.49585
0.464493 0.17468 0.49585
0.46948 0.171496 0.49585
0.46948 0.17468 0.489188
0.479197 0.17468 0.49585
0.49348 0.17468 0.495154
0.49348 0.17439 0.49585
0.486856 0.16268 0.49585
0.493662 0.17468 0.49585
0.44548 0.180994 0.49585
0.440094 0.18668 0.49585
0.45748 0.182138 0.49585
0.45748 0.18668 0.486148
0.452285 0.18668 0.49585
0.48148 0.175895 0.49585
0.489986 0.18668 0.49585
0.501263 0.18668 0.49585
0.42148 0.19868 0.488352
0.42148 0.198068 0.49585
0.420464 0.19868 0.49585
0.43348 0.194071 0.49585
0.439139 0.19868 0.49585
0.44548 0.193139 0.49585
0.49348 0.190442 0.49585
0.50548 0.194677 0.49585
0.504157 0.19868 0.49585
0.51748 0.195716 0.49585
0.522886 0.19868 0.49585
0.40948 0.20637 0.49585
0.404935 0.21068 0.49585
0.41652 0.21068 0.49585
0.42148 0.200957 0.49585
0.43348 0.201667 0.49585
0.50548 0.199494 0.49585
0.51748 0.20295 0.49585
0.52948 0.205691 0.49585
0.525591 0.21068 0.49585
0.536052 0.21068 0.49585
0.39748 0.219439 0.49585
0.395087 0.22268 0.49585
0.402911 0.22268 0.49585
0.40948 0.217601 0.49585
0.52948 0.213975 0.49585
0.54148 0.214987 0.49585
0.537179 0.22268 0.49585
0.546961 0.22268 0.49585
0.393508 0.23468 0.49585
0.398756 0.23468 0.49585
0.54148 0.229018 0.49585
0.55348 0.23077 0.49585
0.548781 0.23468 0.49585
0.555643 0.23468 0.49585
0.38548 0.24037 0.49585
0.382848 0.24668 0.49585
0.39013 0.24668 0.49585
0.39748 0.237322 0.49585
0.550331 0.24668 0.49585
0.558256 0.24668 0.49585
0.380552 0.25868 0.49585
0.38948 0.25868 0.49585
0.55348 0.25868 0.487581
0.55348 0.256671 0.49585
0.381639 0.27068 0.49585
0.387064 0.27068 0.49585
0.562115 0.27068 0.49585
0.56548 0.264522 0.49585
0.566629 0.27068 0.49585
0.38366 0.28268 0.49585
0.385873 0.28268 0.49585
0.561205 0.28268 0.49585
0.567726 0.28268 0.49585
0.383869 0.29468 0.49585
0.385804 0.29468 0.49585
0.561155 0.29468 0.49585
0.567756 0.29468 0.49585
0.381814 0.30668 0.49585
0.386819 0.30668 0.49585
0.561905 0.30668 0.49585
0.566723 0.30668 0.49585
0.380582 0.31868 0.49585
0.388954 0.31868 0.49585
0.55348 0.31868 0.485773
0.56548 0.313999 0.49585
0.381606 0.33068 0.49585
0.390622 0.33068 0.49585
0.55348 0.321355 0.49585
0.550865 0.33068 0.49585
0.55821 0.33068 0.49585
0.38548 0.341408 0.49585
0.39748 0.34268 0.490312
0.548207 0.34268 0.49585
0.557073 0.34268 0.49585
0.39748 0.343798 0.49585
0.392008 0.35468 0.49585
0.402599 0.35468 0.49585
0.54148 0.352424 0.49585
0.540422 0.35468 0.49585
0.545453 0.35468 0.49585
0.55348 0.350196 0.49585
0.40948 0.0111348 0.50785
0.401969 0.01868 0.50785
0.42148 0.0142494 0.50785
0.43348 0.0161776 0.50785
0.44548 0.01868 0.499988
0.44548 0.0181065 0.50785
0.447743 0.01868 0.50785
0.50548 0.0177094 0.50785
0.50071 0.01868 0.50785
0.51748 0.0161088 0.50785
0.52948 0.0141711 0.50785
0.54148 0.0113754 0.50785
0.548161 0.01868 0.50785
0.40948 0.023065 0.50785
0.42148 0.0241228 0.50785
0.43348 0.0238683 0.50785
0.44548 0.0286823 0.50785
0.44548 0.03068 0.506835
0.445764 0.03068 0.50785
0.45748 0.0228005 0.50785
0.46948 0.0243434 0.50785
0.48148 0.0234485 0.50785
0.49348 0.0227959 0.50785
0.50548 0.0246708 0.50785
0.50548 0.03068 0.496548
0.502399 0.03068 0.50785
0.51748 0.0237747 0.50785
0.52948 0.024156 0.50785
0.54148 0.0228856 0.50785
0.45748 0.0368697 0.50785
0.466736 0.04268 0.50785
0.48148 0.04268 0.505569
0.475923 0.04268 0.50785
0.48148 0.0409699 0.50785
0.49348 0.0339178 0.50785
0.46948 0.05468 0.505785
0.46948 0.0477279 0.50785
0.48148 0.05468 0.500097
0.46948 0.06668 0.505
0.48148 0.06668 0.498992
0.46948 0.07868 0.504843
0.48148 0.07868 0.498661
0.46948 0.09068 0.50492
0.48148 0.09068 0.498629
0.46948 0.10268 0.50509
0.48148 0.10268 0.498707
0.46948 0.11468 0.505442
0.48148 0.11468 0.499026
0.46948 0.12668 0.505879
0.48148 0.12668 0.499481
0.46948 0.13868 0.50644
0.48148 0.13868 0.500132
0.46948 0.15068 0.507397
0.48148 0.15068 0.501444
0.45748 0.16268 0.49695
0.46948 0.152601 0.50785
0.465272 0.16268 0.50785
0.478322 0.16268 0.50785
0.48148 0.16268 0.506304
0.45748 0.169995 0.50785
0.454114 0.17468 0.50785
0.46948 0.17468 0.502123
0.48148 0.164127 0.50785
0.49348 0.17468 0.496529
0.489629 0.17468 0.50785
0.44548 0.184149 0.50785
0.442645 0.18668 0.50785
0.45748 0.18668 0.505485
0.46948 0.179417 0.50785
0.459047 0.18668 0.50785
0.48148 0.18346 0.50785
0.484925 0.18668 0.50785
0.49348 0.17878 0.50785
0.501089 0.18668 0.50785
0.42148 0.19868 0.504695
0.43348 0.193955 0.50785
0.422117 0.19868 0.50785
0.441629 0.19868 0.50785
0.44548 0.192704 0.50785
0.45748 0.187616 0.50785
0.49348 0.193222 0.50785
0.50548 0.19427 0.50785
0.50204 0.19868 0.50785
0.51748 0.196546 0.50785
0.521368 0.19868 0.50785
0.40948 0.207468 0.50785
0.406062 0.21068 0.50785
0.417188 0.21068 0.50785
0.43348 0.202507 0.50785
0.43348 0.202507 0.50785
0.50548 0.200458 0.50785
0.51748 0.202607 0.50785
0.52948 0.205343 0.50785
0.524099 0.21068 0.50785
0.536018 0.21068 0.50785
0.39748 0.220604 0.50785
0.395957 0.22268 0.50785
0.403111 0.22268 0.50785
0.40948 0.218208 0.50785
0.40948 0.218208 0.50785
0.52948 0.215312 0.50785
0.54148 0.215301 0.50785
0.536006 0.22268 0.50785
0.547062 0.22268 0.50785
0.392856 0.23468 0.50785
0.399729 0.23468 0.50785
0.54148 0.230692 0.50785
0.55348 0.232561 0.50785
0.549504 0.23468 0.50785
0.554643 0.23468 0.50785
0.38548 0.242451 0.50785
0.383729 0.24668 0.50785
0.389657 0.24668 0.50785
0.39748 0.23925 0.50785
0.549313 0.24668 0.50785
0.558517 0.24668 0.50785
0.380386 0.25868 0.50785
0.390382 0.25868 0.50785
0.553095 0.25868 0.50785
0.55348 0.25868 0.503221
0.555347 0.25868 0.50785
0.381055 0.27068 0.50785
0.387976 0.27068 0.50785
0.55348 0.260592 0.50785
0.56548 0.269543 0.50785
0.564313 0.27068 0.50785
0.565693 0.27068 0.50785
0.381918 0.28268 0.50785
0.386794 0.28268 0.50785
0.561885 0.28268 0.50785
0.566813 0.28268 0.50785
0.381952 0.29468 0.50785
0.386735 0.29468 0.50785
0.561792 0.29468 0.50785
0.566864 0.29468 0.50785
0.381104 0.30668 0.50785
0.387762 0.30668 0.50785
0.563615 0.30668 0.50785
0.565854 0.30668 0.50785
0.380378 0.31868 0.50785
0.389884 0.31868 0.50785
0.55348 0.31868 0.505782
0.55348 0.317861 0.50785
0.553328 0.31868 0.50785
0.554484 0.31868 0.50785
0.56548 0.308918 0.50785
0.382519 0.33068 0.50785
0.39038 0.33068 0.50785
0.549993 0.33068 0.50785
0.558491 0.33068 0.50785
0.38548 0.33896 0.50785
0.39748 0.34268 0.50306
0.395074 0.34268 0.50785
0.39748 0.341814 0.50785
0.397836 0.34268 0.50785
0.548368 0.34268 0.50785
0.556244 0.34268 0.50785
0.392739 0.35468 0.50785
0.402699 0.35468 0.50785
0.54148 0.350603 0.50785
0.539562 0.35468 0.50785
0.546219 0.35468 0.50785
0.55348 0.348498 0.50785
0.40948 0.012008 0.51985
0.405337 0.01868 0.51985
0.42148 0.0124701 0.51985
0.43348 0.0153658 0.51985
0.44548 0.0167674 0.51985
0.45748 0.01868 0.518469
0.45748 0.0183582 0.51985
0.46055 0.01868 0.51985
0.49348 0.01868 0.515777
0.49348 0.0179207 0.51985
0.486579 0.01868 0.51985
0.50548 0.0165957 0.51985
0.51748 0.0153302 0.51985
0.52948 0.0121979 0.51985
0.54148 0.0126774 0.51985
0.544933 0.01868 0.51985
0.40948 0.0216277 0.51985
0.42148 0.0244584 0.51985
0.43348 0.0238671 0.51985
0.44548 0.0241658 0.51985
0.455826 0.03068 0.51985
0.46948 0.0220872 0.51985
0.48148 0.0217508 0.51985
0.490476 0.03068 0.51985
0.49348 0.0256667 0.51985
0.49348 0.03068 0.517913
0.50548 0.0239136 0.51985
0.51748 0.0238603 0.51985
0.52948 0.0245066 0.51985
0.54148 0.0213402 0.51985
0.45748 0.0310829 0.51985
0.46948 0.04268 0.509568
0.46948 0.0334466 0.51985
0.48148 0.032543 0.51985
0.46948 0.16268 0.510145
0.45748 0.17468 0.511649
0.46948 0.17468 0.514925
0.48148 0.17468 0.515158
0.44548 0.18668 0.51233
0.45748 0.182784 0.51985
0.45179 0.18668 0.51985
0.46948 0.178355 0.51985
0.46948 0.18668 0.513766
0.48148 0.180128 0.51985
0.48148 0.18668 0.511714
0.49348 0.18668 0.518537
0.491961 0.18668 0.51985
0.43348 0.195498 0.51985
0.426861 0.19868 0.51985
0.44548 0.19868 0.514019
0.44548 0.194379 0.51985
0.450365 0.19868 0.51985
0.45748 0.192988 0.51985
0.46948 0.192748 0.51985
0.48148 0.193201 0.51985
0.49334 0.19868 0.51985
0.49348 0.19868 0.51973
0.49348 0.197912 0.51985
0.491961 0.18668 0.51985
0.50548 0.193828 0.51985
0.516921 0.19868 0.51985
0.51748 0.19868 0.518713
0.40948 0.210637 0.51985
0.409434 0.21068 0.51985
0.42148 0.21068 0.514033
0.42148 0.206405 0.51985
0.423969 0.21068 0.51985
0.43348 0.203093 0.51985
0.44548 0.200395 0.51985
0.49348 0.198725 0.51985
0.50548 0.203224 0.51985
0.52116 0.21068 0.51985
0.52948 0.206684 0.51985
0.534066 0.21068 0.51985
0.39748 0.22268 0.514158
0.40948 0.22268 0.514305
0.403258 0.22268 0.51985
0.42148 0.212465 0.51985
0.411226 0.22268 0.51985
0.52948 0.217651 0.51985
0.54148 0.21866 0.51985
0.535116 0.22268 0.51985
0.54458 0.22268 0.51985
0.39748 0.225115 0.51985
0.392011 0.23468 0.51985
0.402966 0.23468 0.51985
0.40948 0.224931 0.51985
0.54076 0.23468 0.51985
0.54148 0.23468 0.517261
0.545107 0.23468 0.51985
0.55348 0.23468 0.51311
0.38548 0.24668 0.515964
0.39748 0.245834 0.51985
0.54148 0.236064 0.51985
0.55348 0.238075 0.51985
0.54148 0.236064 0.51985
0.548288 0.24668 0.51985
0.557215 0.24668 0.51985
0.38548 0.249389 0.51985
0.382609 0.25868 0.51985
0.390307 0.25868 0.51985
0.550325 0.25868 0.51985
0.558411 0.25868 0.51985
0.380231 0.27068 0.51985
0.390698 0.27068 0.51985
0.552787 0.27068 0.51985
0.55348 0.27068 0.516819
0.556443 0.27068 0.51985
0.56548 0.27068 0.508985
0.380433 0.28268 0.51985
0.389464 0.28268 0.51985
0.55348 0.277622 0.51985
0.56548 0.28268 0.514992
0.380429 0.29468 0.51985
0.389381 0.29468 0.51985
0.56548 0.29468 0.515338
0.380224 0.30668 0.51985
0.390413 0.30668 0.51985
0.55348 0.30668 0.517302
0.55348 0.30048 0.51985
0.552911 0.30668 0.51985
0.56548 0.30668 0.509899
0.556261 0.30668 0.51985
0.381823 0.31868 0.51985
0.390611 0.31868 0.51985
0.550673 0.31868 0.51985
0.558453 0.31868 0.51985
0.384975 0.33068 0.51985
0.38842 0.33068 0.51985
0.548001 0.33068 0.51985
0.558279 0.33068 0.51985
0.38548 0.332077 0.51985
0.39748 0.334687 0.51985
0.392111 0.34268 0.51985
0.400822 0.34268 0.51985
0.550599 0.34268 0.51985
0.553749 0.34268 0.51985
0.395509 0.35468 0.51985
0.402494 0.35468 0.51985
0.54148 0.344435 0.51985
0.536315 0.35468 0.51985
0.54716 0.35468 0.51985
0.55348 0.343236 0.51985
0.40948 0.01868 0.530442
0.42148 0.0110317 0.53185
0.410376 0.01868 0.53185
0.43348 0.0138149 0.53185
0.44548 0.0154221 0.53185
0.45748 0.0163152 0.53185
0.46948 0.01868 0.523848
0.46948 0.0168325 0.53185
0.48148 0.01868 0.522556
0.48148 0.0167675 0.53185
0.49348 0.0162006 0.53185
0.50548 0.0153701 0.53185
0.51748 0.0136609 0.53185
0.52948 0.0111761 0.53185
0.539519 0.01868 0.53185
0.54148 0.01868 0.528762
0.42148 0.0233124 0.53185
0.43348 0.0242114 0.53185
0.44548 0.0238674 0.53185
0.45748 0.03068 0.521153
0.45748 0.0239953 0.53185
0.46948 0.03068 0.52612
0.46948 0.0242574 0.53185
0.48148 0.03068 0.524836
0.48148 0.0241569 0.53185
0.49348 0.0238987 0.53185
0.50548 0.0238588 0.53185
0.51748 0.0242445 0.53185
0.52948 0.0231681 0.53185
0.45748 0.18668 0.524088
0.46948 0.18668 0.527067
0.48148 0.18668 0.526092
0.43348 0.19868 0.529121
0.44548 0.195265 0.53185
0.436066 0.19868 0.53185
0.45748 0.19868 0.525181
0.45748 0.194104 0.53185
0.46948 0.194418 0.53185
0.46948 0.19868 0.528588
0.48148 0.19424 0.53185
0.48148 0.19868 0.527146
0.49348 0.193861 0.53185
0.50548 0.197778 0.53185
0.507586 0.19868 0.53185
0.40948 0.21068 0.51995
0.42148 0.20639 0.53185
0.415879 0.21068 0.53185
0.431809 0.21068 0.53185
0.44548 0.20316 0.53185
0.45748 0.20181 0.53185
0.46948 0.200519 0.53185
0.48148 0.201129 0.53185
0.49348 0.203467 0.53185
0.50548 0.201555 0.53185
0.51748 0.21068 0.523642
0.511039 0.21068 0.53185
0.51748 0.205412 0.53185
0.526689 0.21068 0.53185
0.52948 0.21068 0.529151
0.40948 0.216659 0.53185
0.404329 0.22268 0.53185
0.42148 0.217542 0.53185
0.416749 0.22268 0.53185
0.42148 0.217542 0.53185
0.51748 0.214904 0.53185
0.525964 0.22268 0.53185
0.52948 0.22268 0.525813
0.52948 0.214092 0.53185
0.54148 0.22268 0.527282
0.5366 0.22268 0.53185
0.39748 0.232869 0.53185
0.396392 0.23468 0.53185
0.403715 0.23468 0.53185
0.40948 0.232528 0.53185
0.52948 0.226788 0.53185
0.54148 0.225667 0.53185
0.535259 0.23468 0.53185
0.547202 0.23468 0.53185
0.391848 0.24668 0.53185
0.39748 0.24668 0.520795
0.402303 0.24668 0.53185
0.541355 0.24668 0.53185
0.54148 0.24668 0.531583
0.543614 0.24668 0.53185
0.55348 0.24668 0.530398
0.38548 0.25868 0.528342
0.393976 0.25868 0.53185
0.39748 0.25868 0.530616
0.398016 0.25868 0.53185
0.54148 0.247013 0.53185
0.55348 0.248291 0.53185
0.547966 0.25868 0.53185
0.556914 0.25868 0.53185
0.38548 0.264498 0.53185
0.384163 0.27068 0.53185
0.390058 0.27068 0.53185
0.39748 0.260998 0.53185
0.548187 0.27068 0.53185
0.559112 0.27068 0.53185
0.382851 0.28268 0.53185
0.390651 0.28268 0.53185
0.549482 0.28268 0.53185
0.55348 0.28268 0.521265
0.558987 0.28268 0.53185
0.382699 0.29468 0.53185
0.390727 0.29468 0.53185
0.549537 0.29468 0.53185
0.55348 0.29468 0.521351
0.559005 0.29468 0.53185
0.383683 0.30668 0.53185
0.390482 0.30668 0.53185
0.548389 0.30668 0.53185
0.559137 0.30668 0.53185
0.38548 0.31868 0.530913
0.38548 0.316846 0.53185
0.547761 0.31868 0.53185
0.557588 0.31868 0.53185
0.38548 0.33068 0.521381
0.39748 0.319479 0.53185
0.39748 0.33068 0.523875
0.391819 0.33068 0.53185
0.400828 0.33068 0.53185
0.548263 0.33068 0.53185
0.554173 0.33068 0.53185
0.393944 0.34268 0.53185
0.403626 0.34268 0.53185
0.54148 0.34268 0.52196
0.54148 0.33284 0.53185
0.537037 0.34268 0.53185
0.55348 0.34268 0.520628
0.547567 0.34268 0.53185
0.55348 0.332457 0.53185
0.39748 0.35468 0.524908
0.39748 0.349435 0.53185
0.403394 0.35468 0.53185
0.40948 0.35468 0.525809
0.40948 0.349206 0.53185
0.412633 0.35468 0.53185
0.535011 0.35468 0.53185
0.542713 0.35468 0.53185
0.42148 0.0150032 0.54385
0.419723 0.01868 0.54385
0.43348 0.0110228 0.54385
0.44548 0.0130602 0.54385
0.45748 0.0145766 0.54385
0.46948 0.0150235 0.54385
0.48148 0.015014 0.54385
0.49348 0.0145332 0.54385
0.50548 0.0128304 0.54385
0.51748 0.0110962 0.54385
0.52948 0.0160786 0.54385
0.530655 0.01868 0.54385
0.42148 0.0198487 0.54385
0.43348 0.0234237 0.54385
0.44548 0.024329 0.54385
0.45748 0.0240176 0.54385
0.46948 0.0239323 0.54385
0.48148 0.0239306 0.54385
0.49348 0.0240319 0.54385
0.50548 0.0243741 0.54385
0.51748 0.0233574 0.54385
0.52948 0.0195225 0.54385
0.44548 0.19868 0.539202
0.45748 0.198158 0.54385
0.455151 0.19868 0.54385
0.46948 0.197044 0.54385
0.48148 0.197513 0.54385
0.487994 0.19868 0.54385
0.49348 0.19868 0.541809
0.50548 0.19868 0.533788
0.42148 0.21068 0.538964
0.43348 0.21068 0.533446
0.43348 0.206163 0.54385
0.426214 0.21068 0.54385
0.44548 0.21068 0.542123
0.44548 0.206977 0.54385
0.448991 0.21068 0.54385
0.45748 0.20087 0.54385
0.46948 0.202334 0.54385
0.48148 0.201896 0.54385
0.494992 0.21068 0.54385
0.50548 0.205216 0.54385
0.50548 0.21068 0.536918
0.51748 0.210489 0.54385
0.51775 0.21068 0.54385
0.40948 0.22268 0.539967
0.42148 0.215153 0.54385
0.41335 0.22268 0.54385
0.42148 0.22268 0.536568
0.428552 0.22268 0.54385
0.43348 0.217483 0.54385
0.44548 0.211873 0.54385
0.50548 0.215711 0.54385
0.515226 0.22268 0.54385
0.51748 0.22268 0.541805
0.52948 0.220601 0.54385
0.531366 0.22268 0.54385
0.39748 0.23468 0.533835
0.40948 0.226223 0.54385
0.40361 0.23468 0.54385
0.40948 0.23468 0.533778
0.416987 0.23468 0.54385
0.42148 0.229822 0.54385
0.51748 0.224697 0.54385
0.526369 0.23468 0.54385
0.52948 0.23468 0.540143
0.537324 0.23468 0.54385
0.54148 0.23468 0.541687
0.39748 0.246353 0.54385
0.397318 0.24668 0.54385
0.40948 0.24668 0.543086
0.410072 0.24668 0.54385
0.52948 0.239317 0.54385
0.54148 0.237249 0.54385
0.534873 0.24668 0.54385
0.546365 0.24668 0.54385
0.39292 0.25868 0.54385
0.40948 0.248007 0.54385
0.403824 0.25868 0.54385
0.538175 0.25868 0.54385
0.54148 0.25868 0.538791
0.548141 0.25868 0.54385
0.55348 0.25868 0.538963
0.38548 0.27068 0.53476
0.39748 0.27068 0.535748
0.391254 0.27068 0.54385
0.402416 0.27068 0.54385
0.541146 0.27068 0.54385
0.54148 0.27068 0.543338
0.55348 0.269703 0.54385
0.553685 0.27068 0.54385
0.38548 0.28268 0.53765
0.391182 0.28268 0.54385
0.39748 0.28268 0.538186
0.400924 0.28268 0.54385
0.54148 0.273389 0.54385
0.546379 0.28268 0.54385
0.554952 0.28268 0.54385
0.38548 0.29468 0.537984
0.391146 0.29468 0.54385
0.39748 0.29468 0.538405
0.40078 0.29468 0.54385
0.54642 0.29468 0.54385
0.555046 0.29468 0.54385
0.38548 0.30668 0.535809
0.391198 0.30668 0.54385
0.39748 0.30668 0.536474
0.401941 0.30668 0.54385
0.54148 0.30668 0.543828
0.54148 0.306543 0.54385
0.541466 0.30668 0.54385
0.553981 0.30668 0.54385
0.39748 0.31868 0.53236
0.391823 0.31868 0.54385
0.403867 0.31868 0.54385
0.538851 0.31868 0.54385
0.54148 0.31868 0.539755
0.548429 0.31868 0.54385
0.55348 0.309438 0.54385
0.55348 0.31868 0.540339
0.395467 0.33068 0.54385
0.405236 0.33068 0.54385
0.534853 0.33068 0.54385
0.54148 0.33068 0.533469
0.55348 0.33068 0.533281
0.547843 0.33068 0.54385
0.39748 0.34268 0.538432
0.39748 0.335441 0.54385
0.402465 0.34268 0.54385
0.40948 0.34268 0.537266
0.40948 0.333124 0.54385
0.414551 0.34268 0.54385
0.52948 0.34268 0.543093
0.52948 0.341586 0.54385
0.528851 0.34268 0.54385
0.542531 0.34268 0.54385
0.407943 0.35468 0.54385
0.42148 0.35468 0.543028
0.42148 0.353547 0.54385
0.422259 0.35468 0.54385
0.521731 0.35468 0.54385
0.52948 0.35468 0.533926
0.535168 0.35468 0.54385
0.54148 0.344523 0.54385
0.54148 0.35468 0.534017
0.42148 0.01868 0.545746
0.43348 0.0181418 0.55585
0.433213 0.01868 0.55585
0.44548 0.0113102 0.55585
0.45748 0.0110433 0.55585
0.46948 0.0114557 0.55585
0.48148 0.0114453 0.55585
0.49348 0.0110519 0.55585
0.50548 0.0115506 0.55585
0.516528 0.01868 0.55585
0.51748 0.01868 0.555179
0.52948 0.01868 0.54512
0.43348 0.0188253 0.55585
0.44548 0.022128 0.55585
0.45748 0.0234603 0.55585
0.46948 0.023985 0.55585
0.48148 0.0239805 0.55585
0.49348 0.0234362 0.55585
0.50548 0.0220029 0.55585
0.45748 0.19868 0.544724
0.46948 0.19868 0.546621
0.48148 0.19868 0.545836
0.43348 0.21068 0.549856
0.44548 0.209857 0.55585
0.443693 0.21068 0.55585
0.45748 0.21068 0.548494
0.45748 0.206385 0.55585
0.46948 0.204956 0.55585
0.46948 0.21068 0.549001
0.48148 0.205458 0.55585
0.48148 0.21068 0.548805
0.49348 0.20806 0.55585
0.49348 0.21068 0.546278
0.500013 0.21068 0.55585
0.50548 0.21068 0.551982
0.51748 0.21068 0.544098
0.42148 0.22268 0.552164
0.43348 0.216197 0.55585
0.424997 0.22268 0.55585
0.43348 0.22268 0.548584
0.44548 0.22268 0.554912
0.45748 0.217686 0.55585
0.448116 0.22268 0.55585
0.46948 0.217256 0.55585
0.48148 0.217393 0.55585
0.49348 0.218992 0.55585
0.496083 0.22268 0.55585
0.50548 0.22268 0.551092
0.50548 0.214798 0.55585
0.51748 0.221612 0.55585
0.52948 0.22268 0.545997
0.518677 0.22268 0.55585
0.40948 0.23468 0.550978
0.42148 0.225991 0.55585
0.414283 0.23468 0.55585
0.42148 0.23468 0.548276
0.431112 0.23468 0.55585
0.43348 0.232148 0.55585
0.44548 0.223877 0.55585
0.50548 0.228582 0.55585
0.512131 0.23468 0.55585
0.51748 0.23468 0.551974
0.52948 0.23468 0.55585
0.39748 0.24668 0.544084
0.40948 0.242244 0.55585
0.406913 0.24668 0.55585
0.42148 0.24668 0.555399
0.422041 0.24668 0.55585
0.51748 0.241063 0.55585
0.521377 0.24668 0.55585
0.52948 0.24668 0.548518
0.536828 0.24668 0.55585
0.54148 0.24668 0.550473
0.39748 0.25868 0.550435
0.402205 0.25868 0.55585
0.40948 0.25868 0.548809
0.42148 0.247678 0.55585
0.416438 0.25868 0.55585
0.527099 0.25868 0.55585
0.52948 0.25868 0.553691
0.54148 0.25728 0.55585
0.541993 0.25868 0.55585
0.39748 0.27068 0.554046
0.400289 0.27068 0.55585
0.40948 0.27068 0.552393
0.412895 0.27068 0.55585
0.52948 0.266319 0.55585
0.532351 0.27068 0.55585
0.55348 0.27068 0.544165
0.544893 0.27068 0.55585
0.39748 0.277816 0.55585
0.396891 0.28268 0.55585
0.40948 0.28268 0.554208
0.411098 0.28268 0.55585
0.533612 0.28268 0.55585
0.54148 0.28268 0.546121
0.546361 0.28268 0.55585
0.55348 0.28268 0.54611
0.396712 0.29468 0.55585
0.40948 0.29468 0.554401
0.410902 0.29468 0.55585
0.533639 0.29468 0.55585
0.54148 0.29468 0.546199
0.55348 0.29468 0.546262
0.546515 0.29468 0.55585
0.39748 0.30668 0.555081
0.39748 0.303284 0.55585
0.40948 0.30668 0.553021
0.398874 0.30668 0.55585
0.412241 0.30668 0.55585
0.532766 0.30668 0.55585
0.55348 0.30668 0.544625
0.545371 0.30668 0.55585
0.39748 0.31868 0.552056
0.401745 0.31868 0.55585
0.40948 0.31868 0.549991
0.41516 0.31868 0.55585
0.52948 0.31868 0.554577
0.52948 0.313559 0.55585
0.528116 0.31868 0.55585
0.542932 0.31868 0.55585
0.39748 0.33068 0.546776
0.40468 0.33068 0.55585
0.40948 0.33068 0.546362
0.418363 0.33068 0.55585
0.523222 0.33068 0.55585
0.52948 0.33068 0.549963
0.537671 0.33068 0.55585
0.54148 0.323312 0.55585
0.54148 0.33068 0.552653
0.40948 0.34268 0.553655
0.40948 0.340423 0.55585
0.42148 0.34268 0.551049
0.42148 0.333934 0.55585
0.411846 0.34268 0.55585
0.427391 0.34268 0.55585
0.51748 0.34268 0.554644
0.51748 0.340441 0.55585
0.515868 0.34268 0.55585
0.54148 0.34268 0.545307
0.532502 0.34268 0.55585
0.40948 0.35468 0.545739
0.419168 0.35468 0.55585
0.43348 0.35468 0.553279
0.43348 0.3502 0.55585
0.437915 0.35468 0.55585
0.505995 0.35468 0.55585
0.51748 0.35468 0.548369
0.523745 0.35468 0.55585
0.52948 0.347132 0.55585
0.52948 0.35468 0.550403
0.43348 0.01868 0.556027
0.44548 0.01868 0.561549
0.45748 0.01868 0.565817
0.46948 0.0174109 0.56785
0.466603 0.01868 0.56785
0.48148 0.017644 0.56785
0.483593 0.01868 0.56785
0.49348 0.01868 0.565473
0.50548 0.01868 0.561076
0.46948 0.0190267 0.56785
0.48148 0.0189634 0.56785
0.44548 0.21068 0.556737
0.45748 0.21068 0.56051
0.46948 0.21068 0.562002
0.48148 0.21068 0.5614
0.49348 0.21068 0.558607
0.43348 0.22268 0.561472
0.44548 0.22268 0.563048
0.45748 0.22268 0.562011
0.447464 0.22268 0.56785
0.45748 0.219078 0.56785
0.46948 0.217459 0.56785
0.46948 0.22268 0.562207
0.48148 0.218258 0.56785
0.48148 0.22268 0.562298
0.49348 0.221594 0.56785
0.49348 0.22268 0.562702
0.50548 0.22268 0.562085
0.495684 0.22268 0.56785
0.51748 0.22268 0.556783
0.42148 0.23468 0.561924
0.43348 0.23207 0.56785
0.430731 0.23468 0.56785
0.43348 0.23468 0.561357
0.44548 0.223916 0.56785
0.44548 0.23468 0.563152
0.45748 0.23468 0.566697
0.46948 0.234223 0.56785
0.468084 0.23468 0.56785
0.472298 0.23468 0.56785
0.48148 0.23468 0.567371
0.49348 0.23468 0.564737
0.50548 0.228506 0.56785
0.50548 0.23468 0.562009
0.51748 0.23468 0.56273
0.512837 0.23468 0.56785
0.40948 0.24668 0.558435
0.42148 0.245896 0.56785
0.420932 0.24668 0.56785
0.43348 0.24668 0.563424
0.44548 0.244136 0.56785
0.442834 0.24668 0.56785
0.45748 0.237022 0.56785
0.48148 0.235682 0.56785
0.49348 0.241177 0.56785
0.50023 0.24668 0.56785
0.50548 0.24668 0.565801
0.51748 0.239669 0.56785
0.51748 0.24668 0.561334
0.52948 0.24668 0.562695
0.522658 0.24668 0.56785
0.40948 0.25868 0.563172
0.414713 0.25868 0.56785
0.42148 0.25868 0.561457
0.43348 0.25868 0.567746
0.433701 0.25868 0.56785
0.50548 0.252517 0.56785
0.509528 0.25868 0.56785
0.51748 0.25868 0.563352
0.52948 0.25868 0.56645
0.52886 0.25868 0.56785
0.54148 0.25868 0.556417
0.40948 0.27068 0.565199
0.41124 0.27068 0.56785
0.42148 0.27068 0.563095
0.43348 0.259121 0.56785
0.428959 0.27068 0.56785
0.514654 0.27068 0.56785
0.51748 0.27068 0.56625
0.52948 0.259705 0.56785
0.52948 0.27068 0.559302
0.54148 0.27068 0.559631
0.532645 0.27068 0.56785
0.39748 0.28268 0.55654
0.40948 0.277219 0.56785
0.408701 0.28268 0.56785
0.42148 0.28268 0.564618
0.426559 0.28268 0.56785
0.517228 0.28268 0.56785
0.51748 0.28268 0.567707
0.52948 0.28268 0.560439
0.54148 0.28268 0.561263
0.534409 0.28268 0.56785
0.39748 0.29468 0.556751
0.408451 0.29468 0.56785
0.42148 0.29468 0.564797
0.42627 0.29468 0.56785
0.517467 0.29468 0.56785
0.51748 0.29468 0.567843
0.52948 0.29468 0.560435
0.54148 0.29468 0.561445
0.534621 0.29468 0.56785
0.40948 0.30668 0.567146
0.40948 0.305007 0.56785
0.42148 0.30668 0.56368
0.409885 0.30668 0.56785
0.427999 0.30668 0.56785
0.515487 0.30668 0.56785
0.51748 0.30668 0.566708
0.52948 0.30668 0.559593
0.54148 0.30668 0.560187
0.533321 0.30668 0.56785
0.40948 0.31868 0.563791
0.412928 0.31868 0.56785
0.42148 0.31868 0.56146
0.431697 0.31868 0.56785
0.511227 0.31868 0.56785
0.51748 0.31868 0.564251
0.54148 0.31868 0.557475
0.530513 0.31868 0.56785
0.40948 0.33068 0.560754
0.418033 0.33068 0.56785
0.42148 0.33068 0.560358
0.43348 0.33068 0.565262
0.43348 0.322102 0.56785
0.438868 0.33068 0.56785
0.50548 0.33068 0.567415
0.50548 0.329214 0.56785
0.504396 0.33068 0.56785
0.51748 0.33068 0.56136
0.525364 0.33068 0.56785
0.52948 0.321533 0.56785
0.52948 0.33068 0.563522
0.42148 0.34268 0.563057
0.42148 0.336462 0.56785
0.4258 0.34268 0.56785
0.43348 0.34268 0.561437
0.44548 0.34268 0.565849
0.44548 0.338019 0.56785
0.452311 0.34268 0.56785
0.49348 0.34268 0.567197
0.49348 0.341107 0.56785
0.490606 0.34268 0.56785
0.50548 0.34268 0.562285
0.52948 0.34268 0.558746
0.517681 0.34268 0.56785
0.42148 0.35468 0.557827
0.43348 0.35468 0.562483
0.43348 0.351131 0.56785
0.437677 0.35468 0.56785
0.44548 0.35468 0.562226
0.45748 0.35468 0.563571
0.45748 0.34566 0.56785
0.46948 0.35468 0.564995
0.46948 0.348397 0.56785
0.48148 0.35468 0.564315
0.48148 0.346947 0.56785
0.49348 0.35468 0.562467
0.50548 0.35468 0.564813
0.505609 0.35468 0.56785
0.51748 0.342924 0.56785
0.51748 0.35468 0.560859
0.46948 0.01868 0.568207
0.48148 0.01868 0.56814
0.45748 0.22268 0.570506
0.46948 0.22268 0.571717
0.48148 0.22268 0.571097
0.49348 0.22268 0.568648
0.43348 0.23468 0.569426
0.44548 0.23468 0.573244
0.45748 0.23468 0.571689
0.48148 0.23468 0.570332
0.49348 0.23468 0.572967
0.50548 0.23468 0.571604
0.42148 0.24668 0.568239
0.43348 0.24668 0.57351
0.445878 0.24668 0.57985
0.45748 0.239983 0.57985
0.45748 0.24668 0.575119
0.46948 0.237264 0.57985
0.46948 0.24668 0.574839
0.48148 0.24668 0.575016
0.46948 0.237264 0.57985
0.48148 0.238773 0.57985
0.49348 0.243923 0.57985
0.49348 0.24668 0.575992
0.50548 0.24668 0.573038
0.497283 0.24668 0.57985
0.51748 0.24668 0.571242
0.42148 0.25868 0.57265
0.43348 0.25868 0.569269
0.44548 0.246986 0.57985
0.44548 0.25868 0.574806
0.435423 0.25868 0.57985
0.45748 0.25868 0.575954
0.46948 0.25868 0.577135
0.48148 0.25868 0.576491
0.49348 0.25868 0.574634
0.50548 0.254671 0.57985
0.50548 0.25868 0.575239
0.51748 0.25868 0.573831
0.50548 0.254671 0.57985
0.508359 0.25868 0.57985
0.42148 0.27068 0.574134
0.43348 0.27068 0.574827
0.429597 0.27068 0.57985
0.43348 0.262082 0.57985
0.44548 0.27068 0.575403
0.45748 0.27068 0.578399
0.46948 0.27068 0.579567
0.48148 0.27068 0.578915
0.49348 0.27068 0.576661
0.50548 0.27068 0.574461
0.51748 0.27068 0.573721
0.514086 0.27068 0.57985
0.52948 0.27068 0.570414
0.40948 0.28268 0.568525
0.42148 0.28268 0.574264
0.426774 0.28268 0.57985
0.43348 0.28268 0.574481
0.44548 0.28268 0.576697
0.45748 0.28268 0.579656
0.46948 0.273364 0.57985
0.459474 0.28268 0.57985
0.48148 0.279673 0.57985
0.483185 0.28268 0.57985
0.49348 0.28268 0.577931
0.50548 0.28268 0.57433
0.51748 0.28268 0.572523
0.517025 0.28268 0.57985
0.52948 0.28268 0.571853
0.40948 0.29468 0.568743
0.42148 0.29468 0.574343
0.426345 0.29468 0.57985
0.43348 0.29468 0.574421
0.44548 0.29468 0.576866
0.45748 0.29468 0.579822
0.45776 0.29468 0.57985
0.48406 0.29468 0.57985
0.49348 0.29468 0.578086
0.50548 0.29468 0.574296
0.51748 0.29468 0.570996
0.517439 0.29468 0.57985
0.52948 0.29468 0.572035
0.42148 0.30668 0.574276
0.428244 0.30668 0.57985
0.43348 0.30668 0.574522
0.44548 0.30668 0.575952
0.45748 0.30668 0.578944
0.466758 0.30668 0.57985
0.48148 0.30668 0.579443
0.48148 0.301142 0.57985
0.474205 0.30668 0.57985
0.49348 0.30668 0.577164
0.50548 0.30668 0.574329
0.51748 0.30668 0.574123
0.51537 0.30668 0.57985
0.52948 0.30668 0.570986
0.42148 0.31868 0.573958
0.432509 0.31868 0.57985
0.43348 0.31868 0.57592
0.44548 0.31868 0.574538
0.45748 0.31868 0.576964
0.46948 0.31868 0.578141
0.46948 0.308306 0.57985
0.48148 0.31868 0.577473
0.49348 0.31868 0.575127
0.50548 0.31868 0.574552
0.51748 0.31868 0.57411
0.510785 0.31868 0.57985
0.52948 0.31868 0.568696
0.42148 0.33068 0.570321
0.43348 0.33068 0.573472
0.43348 0.320434 0.57985
0.440595 0.33068 0.57985
0.44548 0.33068 0.575192
0.45748 0.33068 0.574572
0.46948 0.33068 0.575031
0.48148 0.33068 0.574553
0.49348 0.33068 0.574786
0.502866 0.33068 0.57985
0.50548 0.327501 0.57985
0.50548 0.33068 0.571788
0.51748 0.33068 0.573077
0.43348 0.34268 0.572303
0.44548 0.34268 0.572887
0.44548 0.335714 0.57985
0.455815 0.34268 0.57985
0.45748 0.34268 0.577121
0.46948 0.34268 0.575359
0.48148 0.34268 0.576114
0.486203 0.34268 0.57985
0.49348 0.338918 0.57985
0.49348 0.34268 0.571587
0.50548 0.34268 0.57379
0.51748 0.34268 0.567984
0.44548 0.35468 0.571257
0.45748 0.35468 0.573222
0.45748 0.343557 0.57985
0.46948 0.35468 0.572876
0.46948 0.346061 0.57985
0.48148 0.35468 0.573044
0.48148 0.344599 0.57985
0.49348 0.35468 0.572464
0.50548 0.35468 0.567918
0.45748 0.24668 0.582614
0.46948 0.24668 0.583769
0.48148 0.24668 0.583116
0.49348 0.24668 0.581004
0.44548 0.25868 0.58348
0.45748 0.25868 0.584733
0.46948 0.25868 0.58438
0.48148 0.25868 0.584587
0.49348 0.25868 0.584689
0.50548 0.25868 0.581131
0.43348 0.27068 0.581713
0.44548 0.27068 0.584991
0.45748 0.27068 0.583539
0.46948 0.27068 0.581282
0.48148 0.27068 0.582885
0.49348 0.27068 0.584674
0.50548 0.27068 0.583672
0.43348 0.28268 0.583071
0.44548 0.28268 0.584702
0.45748 0.28268 0.580898
0.49348 0.28268 0.58411
0.50548 0.28268 0.584992
0.43348 0.29468 0.583279
0.44548 0.29468 0.58467
0.45748 0.29468 0.580026
0.49348 0.29468 0.584032
0.50548 0.29468 0.585178
0.43348 0.30668 0.582371
0.44548 0.30668 0.584938
0.45748 0.30668 0.582909
0.48148 0.30668 0.58175
0.49348 0.30668 0.584562
0.50548 0.30668 0.584259
0.43348 0.31868 0.580318
0.44548 0.31868 0.584667
0.45748 0.31868 0.584546
0.46948 0.31868 0.583944
0.48148 0.31868 0.58433
0.49348 0.31868 0.585112
0.50548 0.31868 0.582215
0.44548 0.33068 0.581641
0.45748 0.33068 0.584468
0.46948 0.33068 0.58506
0.48148 0.33068 0.584944
0.49348 0.33068 0.582789
0.45748 0.34268 0.580249
0.46948 0.34268 0.581403
0.48148 0.34268 0.580725
