0.439129 0.614694 0.387265
0.439129 0.640626 0.387265
0.452095 0.601728 0.387265
0.452095 0.62766 0.387265
0.452095 0.653593 0.387265
0.465061 0.614694 0.387265
0.465061 0.640626 0.387265
0.478027 0.601728 0.387265
0.478027 0.62766 0.387265
0.478027 0.653593 0.387265
0.490993 0.614694 0.387265
0.490993 0.640626 0.387265
0.503959 0.601728 0.387265
0.503959 0.62766 0.387265
0.503959 0.653593 0.387265
0.516925 0.614694 0.387265
0.516925 0.640626 0.387265
0.529892 0.601728 0.387265
0.529892 0.62766 0.387265
0.529892 0.653593 0.387265
0.542858 0.614694 0.387265
0.542858 0.640626 0.387265
0.555824 0.62766 0.387265
0.400231 0.640626 0.400231
0.413197 0.62766 0.400231
0.413197 0.653593 0.400231
0.426163 0.614694 0.400231
0.426163 0.640626 0.400231
0.439129 0.601728 0.400231
0.439129 0.62766 0.400231
0.439129 0.653593 0.400231
0.452095 0.588762 0.400231
0.452095 0.614694 0.400231
0.452095 0.640626 0.400231
0.465061 0.601728 0.400231
0.465061 0.62766 0.400231
0.465061 0.653593 0.400231
0.478027 0.588762 0.400231
0.478027 0.614694 0.400231
0.478027 0.640626 0.400231
0.478027 0.666559 0.400231
0.490993 0.601728 0.400231
0.490993 0.62766 0.400231
0.490993 0.653593 0.400231
0.503959 0.588762 0.400231
0.503959 0.614694 0.400231
0.503959 0.640626 0.400231
0.503959 0.666559 0.400231
0.516925 0.601728 0.400231
0.516925 0.62766 0.400231
0.516925 0.653593 0.400231
0.516925 0.731389 0.400231
0.529892 0.588762 0.400231
0.529892 0.614694 0.400231
0.529892 0.640626 0.400231
0.529892 0.666559 0.400231
0.529892 0.744355 0.400231
0.542858 0.601728 0.400231
0.542858 0.62766 0.400231
0.542858 0.653593 0.400231
0.542858 0.731389 0.400231
0.555824 0.614694 0.400231
0.555824 0.640626 0.400231
0.56879 0.601728 0.400231
0.56879 0.62766 0.400231
0.56879 0.653593 0.400231
0.387265 0.640626 0.413197
0.400231 0.62766 0.413197
0.400231 0.653593 0.413197
0.413197 0.614694 0.413197
0.413197 0.640626 0.413197
0.413197 0.666559 0.413197
0.426163 0.601728 0.413197
0.426163 0.62766 0.413197
0.426163 0.653593 0.413197
0.439129 0.588762 0.413197
0.439129 0.614694 0.413197
0.439129 0.640626 0.413197
0.439129 0.666559 0.413197
0.452095 0.601728 0.413197
0.452095 0.62766 0.413197
0.452095 0.653593 0.413197
0.465061 0.588762 0.413197
0.465061 0.614694 0.413197
0.465061 0.640626 0.413197
0.465061 0.666559 0.413197
0.478027 0.601728 0.413197
0.478027 0.62766 0.413197
0.478027 0.653593 0.413197
0.490993 0.588762 0.413197
0.490993 0.614694 0.413197
0.490993 0.640626 0.413197
0.490993 0.666559 0.413197
0.490993 0.744355 0.413197
0.503959 0.601728 0.413197
0.503959 0.62766 0.413197
0.503959 0.653593 0.413197
0.503959 0.679525 0.413197
0.503959 0.731389 0.413197
0.503959 0.757321 0.413197
0.516925 0.588762 0.413197
0.516925 0.614694 0.413197
0.516925 0.640626 0.413197
0.516925 0.666559 0.413197
0.516925 0.718423 0.413197
0.516925 0.744355 0.413197
0.516925 0.770287 0.413197
0.529892 0.601728 0.413197
0.529892 0.62766 0.413197
0.529892 0.653593 0.413197
0.529892 0.679525 0.413197
0.529892 0.705457 0.413197
0.529892 0.731389 0.413197
0.529892 0.757321 0.413197
0.529892 0.783253 0.413197
0.542858 0.588762 0.413197
0.542858 0.614694 0.413197
0.542858 0.640626 0.413197
0.542858 0.666559 0.413197
0.542858 0.718423 0.413197
0.542858 0.744355 0.413197
0.542858 0.770287 0.413197
0.555824 0.601728 0.413197
0.555824 0.62766 0.413197
0.555824 0.653593 0.413197
0.555824 0.731389 0.413197
0.555824 0.757321 0.413197
0.56879 0.588762 0.413197
0.56879 0.614694 0.413197
0.56879 0.640626 0.413197
0.56879 0.666559 0.413197
0.56879 0.744355 0.413197
0.581756 0.601728 0.413197
0.581756 0.62766 0.413197
0.581756 0.653593 0.413197
0.581756 0.731389 0.413197
0.594722 0.744355 0.413197
0.387265 0.62766 0.426163
0.387265 0.653593 0.426163
0.400231 0.614694 0.426163
0.400231 0.640626 0.426163
0.400231 0.666559 0.426163
0.413197 0.601728 0.426163
0.413197 0.62766 0.426163
0.413197 0.653593 0.426163
0.413197 0.679525 0.426163
0.426163 0.588762 0.426163
0.426163 0.614694 0.426163
0.426163 0.640626 0.426163
0.426163 0.666559 0.426163
0.439129 0.601728 0.426163
0.439129 0.62766 0.426163
0.439129 0.653593 0.426163
0.452095 0.588762 0.426163
0.452095 0.614694 0.426163
0.452095 0.640626 0.426163
0.452095 0.666559 0.426163
0.465061 0.601728 0.426163
0.465061 0.62766 0.426163
0.465061 0.653593 0.426163
0.478027 0.588762 0.426163
0.478027 0.614694 0.426163
0.478027 0.640626 0.426163
0.478027 0.666559 0.426163
0.478027 0.744355 0.426163
0.490993 0.601728 0.426163
0.490993 0.62766 0.426163
0.490993 0.653593 0.426163
0.490993 0.679525 0.426163
0.490993 0.705457 0.426163
0.490993 0.731389 0.426163
0.490993 0.757321 0.426163
0.490993 0.783253 0.426163
0.503959 0.588762 0.426163
0.503959 0.614694 0.426163
0.503959 0.640626 0.426163
0.503959 0.666559 0.426163
0.503959 0.718423 0.426163
0.503959 0.744355 0.426163
0.503959 0.770287 0.426163
0.516925 0.601728 0.426163
0.516925 0.62766 0.426163
0.516925 0.653593 0.426163
0.516925 0.679525 0.426163
0.516925 0.705457 0.426163
0.516925 0.731389 0.426163
0.516925 0.757321 0.426163
0.516925 0.783253 0.426163
0.529892 0.588762 0.426163
0.529892 0.614694 0.426163
0.529892 0.640626 0.426163
0.529892 0.666559 0.426163
0.529892 0.692491 0.426163
0.529892 0.718423 0.426163
0.529892 0.744355 0.426163
0.529892 0.770287 0.426163
0.529892 0.796219 0.426163
0.542858 0.601728 0.426163
0.542858 0.62766 0.426163
0.542858 0.653593 0.426163
0.542858 0.679525 0.426163
0.542858 0.705457 0.426163
0.542858 0.731389 0.426163
0.542858 0.757321 0.426163
0.542858 0.783253 0.426163
0.555824 0.588762 0.426163
0.555824 0.614694 0.426163
0.555824 0.640626 0.426163
0.555824 0.666559 0.426163
0.555824 0.718423 0.426163
0.555824 0.744355 0.426163
0.555824 0.770287 0.426163
0.56879 0.601728 0.426163
0.56879 0.62766 0.426163
0.56879 0.653593 0.426163
0.56879 0.731389 0.426163
0.56879 0.757321 0.426163
0.581756 0.588762 0.426163
0.581756 0.614694 0.426163
0.581756 0.640626 0.426163
0.581756 0.666559 0.426163
0.581756 0.744355 0.426163
0.594722 0.62766 0.426163
0.594722 0.731389 0.426163
0.387265 0.614694 0.439129
0.387265 0.640626 0.439129
0.387265 0.666559 0.439129
0.400231 0.601728 0.439129
0.400231 0.62766 0.439129
0.400231 0.653593 0.439129
0.400231 0.679525 0.439129
0.413197 0.588762 0.439129
0.413197 0.614694 0.439129
0.413197 0.640626 0.439129
0.413197 0.666559 0.439129
0.413197 0.692491 0.439129
0.426163 0.601728 0.439129
0.426163 0.62766 0.439129
0.426163 0.653593 0.439129
0.426163 0.679525 0.439129
0.439129 0.588762 0.439129
0.439129 0.614694 0.439129
0.439129 0.640626 0.439129
0.439129 0.666559 0.439129
0.452095 0.601728 0.439129
0.452095 0.62766 0.439129
0.452095 0.653593 0.439129
0.465061 0.588762 0.439129
0.465061 0.614694 0.439129
0.465061 0.640626 0.439129
0.465061 0.666559 0.439129
0.465061 0.744355 0.439129
0.478027 0.601728 0.439129
0.478027 0.62766 0.439129
0.478027 0.653593 0.439129
0.478027 0.679525 0.439129
0.478027 0.731389 0.439129
0.478027 0.757321 0.439129
0.490993 0.588762 0.439129
0.490993 0.614694 0.439129
0.490993 0.640626 0.439129
0.490993 0.666559 0.439129
0.490993 0.718423 0.439129
0.490993 0.744355 0.439129
0.490993 0.770287 0.439129
0.503959 0.601728 0.439129
0.503959 0.62766 0.439129
0.503959 0.653593 0.439129
0.503959 0.679525 0.439129
0.503959 0.705457 0.439129
0.503959 0.731389 0.439129
0.503959 0.757321 0.439129
0.503959 0.783253 0.439129
0.516925 0.588762 0.439129
0.516925 0.614694 0.439129
0.516925 0.640626 0.439129
0.516925 0.666559 0.439129
0.516925 0.692491 0.439129
0.516925 0.718423 0.439129
0.516925 0.744355 0.439129
0.516925 0.770287 0.439129
0.516925 0.796219 0.439129
0.529892 0.601728 0.439129
0.529892 0.62766 0.439129
0.529892 0.653593 0.439129
0.529892 0.679525 0.439129
0.529892 0.705457 0.439129
0.529892 0.731389 0.439129
0.529892 0.757321 0.439129
0.529892 0.783253 0.439129
0.542858 0.588762 0.439129
0.542858 0.614694 0.439129
0.542858 0.640626 0.439129
0.542858 0.666559 0.439129
0.542858 0.692491 0.439129
0.542858 0.718423 0.439129
0.542858 0.744355 0.439129
0.542858 0.770287 0.439129
0.542858 0.796219 0.439129
0.555824 0.601728 0.439129
0.555824 0.62766 0.439129
0.555824 0.653593 0.439129
0.555824 0.679525 0.439129
0.555824 0.705457 0.439129
0.555824 0.731389 0.439129
0.555824 0.757321 0.439129
0.555824 0.783253 0.439129
0.56879 0.588762 0.439129
0.56879 0.614694 0.439129
0.56879 0.640626 0.439129
0.56879 0.666559 0.439129
0.56879 0.718423 0.439129
0.56879 0.744355 0.439129
0.56879 0.770287 0.439129
0.581756 0.601728 0.439129
0.581756 0.62766 0.439129
0.581756 0.653593 0.439129
0.581756 0.731389 0.439129
0.581756 0.757321 0.439129
0.594722 0.614694 0.439129
0.594722 0.640626 0.439129
0.594722 0.744355 0.439129
0.607688 0.731389 0.439129
0.607688 0.757321 0.439129
0.387265 0.62766 0.452095
0.387265 0.653593 0.452095
0.387265 0.679525 0.452095
0.400231 0.614694 0.452095
0.400231 0.640626 0.452095
0.400231 0.666559 0.452095
0.400231 0.692491 0.452095
0.413197 0.601728 0.452095
0.413197 0.62766 0.452095
0.413197 0.653593 0.452095
0.413197 0.679525 0.452095
0.426163 0.588762 0.452095
0.426163 0.614694 0.452095
0.426163 0.640626 0.452095
0.426163 0.666559 0.452095
0.439129 0.601728 0.452095
0.439129 0.62766 0.452095
0.439129 0.653593 0.452095
0.439129 0.679525 0.452095
0.452095 0.588762 0.452095
0.452095 0.614694 0.452095
0.452095 0.640626 0.452095
0.452095 0.666559 0.452095
0.465061 0.601728 0.452095
0.465061 0.62766 0.452095
0.465061 0.653593 0.452095
0.465061 0.679525 0.452095
0.465061 0.731389 0.452095
0.465061 0.757321 0.452095
0.478027 0.588762 0.452095
0.478027 0.614694 0.452095
0.478027 0.640626 0.452095
0.478027 0.666559 0.452095
0.478027 0.718423 0.452095
0.478027 0.744355 0.452095
0.478027 0.770287 0.452095
0.490993 0.601728 0.452095
0.490993 0.62766 0.452095
0.490993 0.653593 0.452095
0.490993 0.679525 0.452095
0.490993 0.705457 0.452095
0.490993 0.731389 0.452095
0.490993 0.757321 0.452095
0.490993 0.783253 0.452095
0.503959 0.588762 0.452095
0.503959 0.614694 0.452095
0.503959 0.640626 0.452095
0.503959 0.666559 0.452095
0.503959 0.692491 0.452095
0.503959 0.718423 0.452095
0.503959 0.744355 0.452095
0.503959 0.770287 0.452095
0.503959 0.796219 0.452095
0.516925 0.601728 0.452095
0.516925 0.62766 0.452095
0.516925 0.653593 0.452095
0.516925 0.679525 0.452095
0.516925 0.705457 0.452095
0.516925 0.731389 0.452095
0.516925 0.757321 0.452095
0.516925 0.783253 0.452095
0.529892 0.588762 0.452095
0.529892 0.614694 0.452095
0.529892 0.640626 0.452095
0.529892 0.666559 0.452095
0.529892 0.692491 0.452095
0.529892 0.718423 0.452095
0.529892 0.744355 0.452095
0.529892 0.770287 0.452095
0.529892 0.796219 0.452095
0.542858 0.601728 0.452095
0.542858 0.62766 0.452095
0.542858 0.653593 0.452095
0.542858 0.679525 0.452095
0.542858 0.705457 0.452095
0.542858 0.731389 0.452095
0.542858 0.757321 0.452095
0.542858 0.783253 0.452095
0.555824 0.588762 0.452095
0.555824 0.614694 0.452095
0.555824 0.640626 0.452095
0.555824 0.666559 0.452095
0.555824 0.692491 0.452095
0.555824 0.718423 0.452095
0.555824 0.744355 0.452095
0.555824 0.770287 0.452095
0.555824 0.796219 0.452095
0.56879 0.601728 0.452095
0.56879 0.62766 0.452095
0.56879 0.653593 0.452095
0.56879 0.679525 0.452095
0.56879 0.705457 0.452095
0.56879 0.731389 0.452095
0.56879 0.757321 0.452095
0.56879 0.783253 0.452095
0.581756 0.588762 0.452095
0.581756 0.614694 0.452095
0.581756 0.640626 0.452095
0.581756 0.666559 0.452095
0.581756 0.718423 0.452095
0.581756 0.744355 0.452095
0.581756 0.770287 0.452095
0.594722 0.601728 0.452095
0.594722 0.62766 0.452095
0.594722 0.653593 0.452095
0.594722 0.731389 0.452095
0.594722 0.757321 0.452095
0.607688 0.744355 0.452095
0.620654 0.757321 0.452095
0.387265 0.614694 0.465061
0.387265 0.640626 0.465061
0.387265 0.666559 0.465061
0.400231 0.601728 0.465061
0.400231 0.62766 0.465061
0.400231 0.653593 0.465061
0.400231 0.679525 0.465061
0.413197 0.588762 0.465061
0.413197 0.614694 0.465061
0.413197 0.640626 0.465061
0.413197 0.666559 0.465061
0.413197 0.692491 0.465061
0.426163 0.601728 0.465061
0.426163 0.62766 0.465061
0.426163 0.653593 0.465061
0.426163 0.679525 0.465061
0.439129 0.588762 0.465061
0.439129 0.614694 0.465061
0.439129 0.640626 0.465061
0.439129 0.666559 0.465061
0.452095 0.601728 0.465061
0.452095 0.62766 0.465061
0.452095 0.653593 0.465061
0.465061 0.588762 0.465061
0.465061 0.614694 0.465061
0.465061 0.640626 0.465061
0.465061 0.666559 0.465061
0.465061 0.718423 0.465061
0.465061 0.744355 0.465061
0.478027 0.601728 0.465061
0.478027 0.62766 0.465061
0.478027 0.653593 0.465061
0.478027 0.679525 0.465061
0.478027 0.705457 0.465061
0.478027 0.731389 0.465061
0.478027 0.757321 0.465061
0.478027 0.783253 0.465061
0.490993 0.588762 0.465061
0.490993 0.614694 0.465061
0.490993 0.640626 0.465061
0.490993 0.666559 0.465061
0.490993 0.692491 0.465061
0.490993 0.718423 0.465061
0.490993 0.744355 0.465061
0.490993 0.770287 0.465061
0.490993 0.796219 0.465061
0.503959 0.601728 0.465061
0.503959 0.62766 0.465061
0.503959 0.653593 0.465061
0.503959 0.679525 0.465061
0.503959 0.705457 0.465061
0.503959 0.731389 0.465061
0.503959 0.757321 0.465061
0.503959 0.783253 0.465061
0.516925 0.588762 0.465061
0.516925 0.614694 0.465061
0.516925 0.640626 0.465061
0.516925 0.666559 0.465061
0.516925 0.692491 0.465061
0.516925 0.718423 0.465061
0.516925 0.744355 0.465061
0.516925 0.770287 0.465061
0.516925 0.796219 0.465061
0.529892 0.601728 0.465061
0.529892 0.62766 0.465061
0.529892 0.653593 0.465061
0.529892 0.679525 0.465061
0.529892 0.705457 0.465061
0.529892 0.731389 0.465061
0.529892 0.757321 0.465061
0.529892 0.783253 0.465061
0.542858 0.588762 0.465061
0.542858 0.614694 0.465061
0.542858 0.640626 0.465061
0.542858 0.666559 0.465061
0.542858 0.692491 0.465061
0.542858 0.718423 0.465061
0.542858 0.744355 0.465061
0.542858 0.770287 0.465061
0.542858 0.796219 0.465061
0.555824 0.601728 0.465061
0.555824 0.62766 0.465061
0.555824 0.653593 0.465061
0.555824 0.679525 0.465061
0.555824 0.705457 0.465061
0.555824 0.731389 0.465061
0.555824 0.757321 0.465061
0.555824 0.783253 0.465061
0.56879 0.588762 0.465061
0.56879 0.614694 0.465061
0.56879 0.640626 0.465061
0.56879 0.666559 0.465061
0.56879 0.718423 0.465061
0.56879 0.744355 0.465061
0.56879 0.770287 0.465061
0.581756 0.601728 0.465061
0.581756 0.62766 0.465061
0.581756 0.653593 0.465061
0.581756 0.679525 0.465061
0.581756 0.731389 0.465061
0.581756 0.757321 0.465061
0.594722 0.614694 0.465061
0.594722 0.640626 0.465061
0.594722 0.666559 0.465061
0.594722 0.744355 0.465061
0.607688 0.62766 0.465061
0.387265 0.62766 0.478027
0.387265 0.653593 0.478027
0.387265 0.679525 0.478027
0.400231 0.614694 0.478027
0.400231 0.640626 0.478027
0.400231 0.666559 0.478027
0.400231 0.692491 0.478027
0.413197 0.601728 0.478027
0.413197 0.62766 0.478027
0.413197 0.653593 0.478027
0.413197 0.679525 0.478027
0.426163 0.588762 0.478027
0.426163 0.614694 0.478027
0.426163 0.640626 0.478027
0.426163 0.666559 0.478027
0.439129 0.601728 0.478027
0.439129 0.62766 0.478027
0.439129 0.653593 0.478027
0.452095 0.588762 0.478027
0.452095 0.614694 0.478027
0.452095 0.640626 0.478027
0.452095 0.666559 0.478027
0.465061 0.601728 0.478027
0.465061 0.62766 0.478027
0.465061 0.653593 0.478027
0.465061 0.731389 0.478027
0.465061 0.757321 0.478027
0.478027 0.588762 0.478027
0.478027 0.614694 0.478027
0.478027 0.640626 0.478027
0.478027 0.666559 0.478027
0.478027 0.718423 0.478027
0.478027 0.744355 0.478027
0.478027 0.770287 0.478027
0.490993 0.601728 0.478027
0.490993 0.62766 0.478027
0.490993 0.653593 0.478027
0.490993 0.679525 0.478027
0.490993 0.705457 0.478027
0.490993 0.731389 0.478027
0.490993 0.757321 0.478027
0.490993 0.783253 0.478027
0.503959 0.588762 0.478027
0.503959 0.614694 0.478027
0.503959 0.640626 0.478027
0.503959 0.666559 0.478027
0.503959 0.692491 0.478027
0.503959 0.718423 0.478027
0.503959 0.744355 0.478027
0.503959 0.770287 0.478027
0.503959 0.796219 0.478027
0.516925 0.601728 0.478027
0.516925 0.62766 0.478027
0.516925 0.653593 0.478027
0.516925 0.679525 0.478027
0.516925 0.705457 0.478027
0.516925 0.731389 0.478027
0.516925 0.757321 0.478027
0.516925 0.783253 0.478027
0.529892 0.588762 0.478027
0.529892 0.614694 0.478027
0.529892 0.640626 0.478027
0.529892 0.666559 0.478027
0.529892 0.692491 0.478027
0.529892 0.718423 0.478027
0.529892 0.744355 0.478027
0.529892 0.770287 0.478027
0.529892 0.796219 0.478027
0.542858 0.601728 0.478027
0.542858 0.62766 0.478027
0.542858 0.653593 0.478027
0.542858 0.679525 0.478027
0.542858 0.705457 0.478027
0.542858 0.731389 0.478027
0.542858 0.757321 0.478027
0.542858 0.783253 0.478027
0.555824 0.588762 0.478027
0.555824 0.614694 0.478027
0.555824 0.640626 0.478027
0.555824 0.666559 0.478027
0.555824 0.692491 0.478027
0.555824 0.718423 0.478027
0.555824 0.744355 0.478027
0.555824 0.770287 0.478027
0.555824 0.796219 0.478027
0.56879 0.601728 0.478027
0.56879 0.62766 0.478027
0.56879 0.653593 0.478027
0.56879 0.679525 0.478027
0.56879 0.705457 0.478027
0.56879 0.731389 0.478027
0.56879 0.757321 0.478027
0.56879 0.783253 0.478027
0.581756 0.588762 0.478027
0.581756 0.614694 0.478027
0.581756 0.640626 0.478027
0.581756 0.666559 0.478027
0.581756 0.718423 0.478027
0.581756 0.744355 0.478027
0.581756 0.770287 0.478027
0.594722 0.601728 0.478027
0.594722 0.62766 0.478027
0.594722 0.653593 0.478027
0.387265 0.614694 0.490993
0.387265 0.640626 0.490993
0.387265 0.666559 0.490993
0.400231 0.601728 0.490993
0.400231 0.62766 0.490993
0.400231 0.653593 0.490993
0.400231 0.679525 0.490993
0.413197 0.588762 0.490993
0.413197 0.614694 0.490993
0.413197 0.640626 0.490993
0.413197 0.666559 0.490993
0.426163 0.601728 0.490993
0.426163 0.62766 0.490993
0.426163 0.653593 0.490993
0.426163 0.679525 0.490993
0.439129 0.588762 0.490993
0.439129 0.614694 0.490993
0.439129 0.640626 0.490993
0.439129 0.666559 0.490993
0.452095 0.601728 0.490993
0.452095 0.62766 0.490993
0.452095 0.653593 0.490993
0.465061 0.588762 0.490993
0.465061 0.614694 0.490993
0.465061 0.640626 0.490993
0.465061 0.666559 0.490993
0.478027 0.601728 0.490993
0.478027 0.62766 0.490993
0.478027 0.653593 0.490993
0.478027 0.679525 0.490993
0.478027 0.731389 0.490993
0.478027 0.757321 0.490993
0.490993 0.588762 0.490993
0.490993 0.614694 0.490993
0.490993 0.640626 0.490993
0.490993 0.666559 0.490993
0.490993 0.718423 0.490993
0.490993 0.744355 0.490993
0.490993 0.770287 0.490993
0.503959 0.601728 0.490993
0.503959 0.62766 0.490993
0.503959 0.653593 0.490993
0.503959 0.679525 0.490993
0.503959 0.705457 0.490993
0.503959 0.731389 0.490993
0.503959 0.757321 0.490993
0.503959 0.783253 0.490993
0.516925 0.588762 0.490993
0.516925 0.614694 0.490993
0.516925 0.640626 0.490993
0.516925 0.666559 0.490993
0.516925 0.692491 0.490993
0.516925 0.718423 0.490993
0.516925 0.744355 0.490993
0.516925 0.770287 0.490993
0.516925 0.796219 0.490993
0.529892 0.601728 0.490993
0.529892 0.62766 0.490993
0.529892 0.653593 0.490993
0.529892 0.679525 0.490993
0.529892 0.705457 0.490993
0.529892 0.731389 0.490993
0.529892 0.757321 0.490993
0.529892 0.783253 0.490993
0.542858 0.588762 0.490993
0.542858 0.614694 0.490993
0.542858 0.640626 0.490993
0.542858 0.666559 0.490993
0.542858 0.692491 0.490993
0.542858 0.718423 0.490993
0.542858 0.744355 0.490993
0.542858 0.770287 0.490993
0.542858 0.796219 0.490993
0.555824 0.601728 0.490993
0.555824 0.62766 0.490993
0.555824 0.653593 0.490993
0.555824 0.679525 0.490993
0.555824 0.705457 0.490993
0.555824 0.731389 0.490993
0.555824 0.757321 0.490993
0.555824 0.783253 0.490993
0.56879 0.588762 0.490993
0.56879 0.614694 0.490993
0.56879 0.640626 0.490993
0.56879 0.666559 0.490993
0.56879 0.718423 0.490993
0.56879 0.744355 0.490993
0.56879 0.770287 0.490993
0.581756 0.601728 0.490993
0.581756 0.62766 0.490993
0.581756 0.653593 0.490993
0.581756 0.731389 0.490993
0.594722 0.614694 0.490993
0.594722 0.640626 0.490993
0.387265 0.653593 0.503959
0.400231 0.614694 0.503959
0.400231 0.640626 0.503959
0.400231 0.666559 0.503959
0.413197 0.601728 0.503959
0.413197 0.62766 0.503959
0.413197 0.653593 0.503959
0.413197 0.679525 0.503959
0.426163 0.588762 0.503959
0.426163 0.614694 0.503959
0.426163 0.640626 0.503959
0.426163 0.666559 0.503959
0.439129 0.601728 0.503959
0.439129 0.62766 0.503959
0.439129 0.653593 0.503959
0.452095 0.588762 0.503959
0.452095 0.614694 0.503959
0.452095 0.640626 0.503959
0.452095 0.666559 0.503959
0.465061 0.601728 0.503959
0.465061 0.62766 0.503959
0.465061 0.653593 0.503959
0.478027 0.588762 0.503959
0.478027 0.614694 0.503959
0.478027 0.640626 0.503959
0.478027 0.666559 0.503959
0.478027 0.744355 0.503959
0.490993 0.601728 0.503959
0.490993 0.62766 0.503959
0.490993 0.653593 0.503959
0.490993 0.679525 0.503959
0.490993 0.731389 0.503959
0.490993 0.757321 0.503959
0.503959 0.588762 0.503959
0.503959 0.614694 0.503959
0.503959 0.640626 0.503959
0.503959 0.666559 0.503959
0.503959 0.718423 0.503959
0.503959 0.744355 0.503959
0.503959 0.770287 0.503959
0.516925 0.601728 0.503959
0.516925 0.62766 0.503959
0.516925 0.653593 0.503959
0.516925 0.679525 0.503959
0.516925 0.705457 0.503959
0.516925 0.731389 0.503959
0.516925 0.757321 0.503959
0.516925 0.783253 0.503959
0.529892 0.588762 0.503959
0.529892 0.614694 0.503959
0.529892 0.640626 0.503959
0.529892 0.666559 0.503959
0.529892 0.718423 0.503959
0.529892 0.744355 0.503959
0.529892 0.770287 0.503959
0.542858 0.601728 0.503959
0.542858 0.62766 0.503959
0.542858 0.653593 0.503959
0.542858 0.679525 0.503959
0.542858 0.705457 0.503959
0.542858 0.731389 0.503959
0.542858 0.757321 0.503959
0.542858 0.783253 0.503959
0.555824 0.588762 0.503959
0.555824 0.614694 0.503959
0.555824 0.640626 0.503959
0.555824 0.666559 0.503959
0.555824 0.718423 0.503959
0.555824 0.744355 0.503959
0.555824 0.770287 0.503959
0.56879 0.601728 0.503959
0.56879 0.62766 0.503959
0.56879 0.653593 0.503959
0.56879 0.731389 0.503959
0.56879 0.757321 0.503959
0.581756 0.614694 0.503959
0.581756 0.640626 0.503959
0.400231 0.62766 0.516926
0.400231 0.653593 0.516926
0.413197 0.614694 0.516926
0.413197 0.640626 0.516926
0.413197 0.666559 0.516926
0.426163 0.601728 0.516926
0.426163 0.62766 0.516926
0.426163 0.653593 0.516926
0.439129 0.588762 0.516926
0.439129 0.614694 0.516926
0.439129 0.640626 0.516926
0.439129 0.666559 0.516926
0.452095 0.601728 0.516926
0.452095 0.62766 0.516926
0.452095 0.653593 0.516926
0.465061 0.588762 0.516926
0.465061 0.614694 0.516926
0.465061 0.640626 0.516926
0.465061 0.666559 0.516926
0.478027 0.601728 0.516926
0.478027 0.62766 0.516926
0.478027 0.653593 0.516926
0.490993 0.588762 0.516926
0.490993 0.614694 0.516926
0.490993 0.640626 0.516926
0.490993 0.666559 0.516926
0.503959 0.601728 0.516926
0.503959 0.62766 0.516926
0.503959 0.653593 0.516926
0.503959 0.731389 0.516926
0.503959 0.757321 0.516926
0.516925 0.588762 0.516926
0.516925 0.614694 0.516926
0.516925 0.640626 0.516926
0.516925 0.666559 0.516926
0.516925 0.718423 0.516926
0.516925 0.744355 0.516926
0.516925 0.770287 0.516926
0.529892 0.601728 0.516926
0.529892 0.62766 0.516926
0.529892 0.653593 0.516926
0.529892 0.731389 0.516926
0.529892 0.757321 0.516926
0.542858 0.588762 0.516926
0.542858 0.614694 0.516926
0.542858 0.640626 0.516926
0.542858 0.666559 0.516926
0.542858 0.744355 0.516926
0.555824 0.601728 0.516926
0.555824 0.62766 0.516926
0.555824 0.653593 0.516926
0.56879 0.614694 0.516926
0.56879 0.640626 0.516926
0.581756 0.62766 0.516926
0.426163 0.614694 0.529892
0.426163 0.640626 0.529892
0.439129 0.601728 0.529892
0.439129 0.62766 0.529892
0.439129 0.653593 0.529892
0.452095 0.588762 0.529892
0.452095 0.614694 0.529892
0.452095 0.640626 0.529892
0.465061 0.601728 0.529892
0.465061 0.62766 0.529892
0.465061 0.653593 0.529892
0.478027 0.588762 0.529892
0.478027 0.614694 0.529892
0.478027 0.640626 0.529892
0.490993 0.601728 0.529892
0.490993 0.62766 0.529892
0.490993 0.653593 0.529892
0.503959 0.588762 0.529892
0.503959 0.614694 0.529892
0.503959 0.640626 0.529892
0.516925 0.601728 0.529892
0.516925 0.62766 0.529892
0.516925 0.653593 0.529892
0.529892 0.614694 0.529892
0.529892 0.640626 0.529892
0.542858 0.601728 0.529892
0.542858 0.62766 0.529892
0.542858 0.653593 0.529892
0.555824 0.614694 0.529892
0.555824 0.640626 0.529892
0.56879 0.62766 0.529892
0.452095 0.62766 0.542858
0.465061 0.614694 0.542858
0.465061 0.640626 0.542858
0.478027 0.62766 0.542858
0.490993 0.614694 0.542858
0.490993 0.640626 0.542858
0.503959 0.62766 0.542858
0.516925 0.614694 0.542858
0.516925 0.640626 0.542858
0.529892 0.62766 0.542858
