0.439952 0.688971 0.38799
0.439952 0.714952 0.38799
0.452942 0.67598 0.38799
0.452942 0.701961 0.38799
0.452942 0.727942 0.38799
0.465932 0.688971 0.38799
0.465932 0.714952 0.38799
0.478923 0.67598 0.38799
0.478923 0.701961 0.38799
0.478923 0.727942 0.38799
0.491913 0.688971 0.38799
0.491913 0.714952 0.38799
0.504904 0.67598 0.38799
0.504904 0.701961 0.38799
0.504904 0.727942 0.38799
0.517894 0.688971 0.38799
0.517894 0.714952 0.38799
0.530884 0.67598 0.38799
0.530884 0.701961 0.38799
0.530884 0.727942 0.38799
0.543875 0.688971 0.38799
0.543875 0.714952 0.38799
0.556865 0.701961 0.38799
0.400981 0.714952 0.400981
0.413971 0.701961 0.400981
0.413971 0.727942 0.400981
0.426961 0.688971 0.400981
0.426961 0.714952 0.400981
0.439952 0.67598 0.400981
0.439952 0.701961 0.400981
0.439952 0.727942 0.400981
0.452942 0.66299 0.400981
0.452942 0.688971 0.400981
0.452942 0.714952 0.400981
0.465932 0.67598 0.400981
0.465932 0.701961 0.400981
0.465932 0.727942 0.400981
0.478923 0.66299 0.400981
0.478923 0.688971 0.400981
0.478923 0.714952 0.400981
0.478923 0.740932 0.400981
0.491913 0.67598 0.400981
0.491913 0.701961 0.400981
0.491913 0.727942 0.400981
0.504904 0.66299 0.400981
0.504904 0.688971 0.400981
0.504904 0.714952 0.400981
0.504904 0.740932 0.400981
0.517894 0.67598 0.400981
0.517894 0.701961 0.400981
0.517894 0.727942 0.400981
0.517894 0.805884 0.400981
0.530884 0.66299 0.400981
0.530884 0.688971 0.400981
0.530884 0.714952 0.400981
0.530884 0.740932 0.400981
0.530884 0.818875 0.400981
0.543875 0.67598 0.400981
0.543875 0.701961 0.400981
0.543875 0.727942 0.400981
0.543875 0.805884 0.400981
0.556865 0.688971 0.400981
0.556865 0.714952 0.400981
0.569855 0.67598 0.400981
0.569855 0.701961 0.400981
0.569855 0.727942 0.400981
0.38799 0.714952 0.413971
0.400981 0.701961 0.413971
0.400981 0.727942 0.413971
0.413971 0.688971 0.413971
0.413971 0.714952 0.413971
0.413971 0.740932 0.413971
0.426961 0.67598 0.413971
0.426961 0.701961 0.413971
0.426961 0.727942 0.413971
0.439952 0.66299 0.413971
0.439952 0.688971 0.413971
0.439952 0.714952 0.413971
0.439952 0.740932 0.413971
0.452942 0.67598 0.413971
0.452942 0.701961 0.413971
0.452942 0.727942 0.413971
0.465932 0.66299 0.413971
0.465932 0.688971 0.413971
0.465932 0.714952 0.413971
0.465932 0.740932 0.413971
0.478923 0.67598 0.413971
0.478923 0.701961 0.413971
0.478923 0.727942 0.413971
0.491913 0.66299 0.413971
0.491913 0.688971 0.413971
0.491913 0.714952 0.413971
0.491913 0.740932 0.413971
0.491913 0.818875 0.413971
0.504904 0.67598 0.413971
0.504904 0.701961 0.413971
0.504904 0.727942 0.413971
0.504904 0.753923 0.413971
0.504904 0.805884 0.413971
0.504904 0.831865 0.413971
0.517894 0.66299 0.413971
0.517894 0.688971 0.413971
0.517894 0.714952 0.413971
0.517894 0.740932 0.413971
0.517894 0.792894 0.413971
0.517894 0.818875 0.413971
0.517894 0.844855 0.413971
0.530884 0.67598 0.413971
0.530884 0.701961 0.413971
0.530884 0.727942 0.413971
0.530884 0.753923 0.413971
0.530884 0.779903 0.413971
0.530884 0.805884 0.413971
0.530884 0.831865 0.413971
0.530884 0.857846 0.413971
0.543875 0.66299 0.413971
0.543875 0.688971 0.413971
0.543875 0.714952 0.413971
0.543875 0.740932 0.413971
0.543875 0.792894 0.413971
0.543875 0.818875 0.413971
0.543875 0.844855 0.413971
0.556865 0.67598 0.413971
0.556865 0.701961 0.413971
0.556865 0.727942 0.413971
0.556865 0.805884 0.413971
0.556865 0.831865 0.413971
0.569855 0.66299 0.413971
0.569855 0.688971 0.413971
0.569855 0.714952 0.413971
0.569855 0.740932 0.413971
0.569855 0.818875 0.413971
0.582846 0.67598 0.413971
0.582846 0.701961 0.413971
0.582846 0.727942 0.413971
0.582846 0.805884 0.413971
0.595836 0.818875 0.413971
0.38799 0.701961 0.426961
0.38799 0.727942 0.426961
0.400981 0.688971 0.426961
0.400981 0.714952 0.426961
0.400981 0.740932 0.426961
0.413971 0.67598 0.426961
0.413971 0.701961 0.426961
0.413971 0.727942 0.426961
0.413971 0.753923 0.426961
0.426961 0.66299 0.426961
0.426961 0.688971 0.426961
0.426961 0.714952 0.426961
0.426961 0.740932 0.426961
0.439952 0.67598 0.426961
0.439952 0.701961 0.426961
0.439952 0.727942 0.426961
0.452942 0.66299 0.426961
0.452942 0.688971 0.426961
0.452942 0.714952 0.426961
0.452942 0.740932 0.426961
0.465932 0.67598 0.426961
0.465932 0.701961 0.426961
0.465932 0.727942 0.426961
0.478923 0.66299 0.426961
0.478923 0.688971 0.426961
0.478923 0.714952 0.426961
0.478923 0.740932 0.426961
0.478923 0.818875 0.426961
0.491913 0.67598 0.426961
0.491913 0.701961 0.426961
0.491913 0.727942 0.426961
0.491913 0.753923 0.426961
0.491913 0.779903 0.426961
0.491913 0.805884 0.426961
0.491913 0.831865 0.426961
0.491913 0.857846 0.426961
0.504904 0.66299 0.426961
0.504904 0.688971 0.426961
0.504904 0.714952 0.426961
0.504904 0.740932 0.426961
0.504904 0.792894 0.426961
0.504904 0.818875 0.426961
0.504904 0.844855 0.426961
0.517894 0.67598 0.426961
0.517894 0.701961 0.426961
0.517894 0.727942 0.426961
0.517894 0.753923 0.426961
0.517894 0.779903 0.426961
0.517894 0.805884 0.426961
0.517894 0.831865 0.426961
0.517894 0.857846 0.426961
0.530884 0.66299 0.426961
0.530884 0.688971 0.426961
0.530884 0.714952 0.426961
0.530884 0.740932 0.426961
0.530884 0.766913 0.426961
0.530884 0.792894 0.426961
0.530884 0.818875 0.426961
0.530884 0.844855 0.426961
0.530884 0.870836 0.426961
0.543875 0.67598 0.426961
0.543875 0.701961 0.426961
0.543875 0.727942 0.426961
0.543875 0.753923 0.426961
0.543875 0.779903 0.426961
0.543875 0.805884 0.426961
0.543875 0.831865 0.426961
0.543875 0.857846 0.426961
0.556865 0.66299 0.426961
0.556865 0.688971 0.426961
0.556865 0.714952 0.426961
0.556865 0.740932 0.426961
0.556865 0.792894 0.426961
0.556865 0.818875 0.426961
0.556865 0.844855 0.426961
0.569855 0.67598 0.426961
0.569855 0.701961 0.426961
0.569855 0.727942 0.426961
0.569855 0.805884 0.426961
0.569855 0.831865 0.426961
0.582846 0.66299 0.426961
0.582846 0.688971 0.426961
0.582846 0.714952 0.426961
0.582846 0.740932 0.426961
0.582846 0.818875 0.426961
0.595836 0.701961 0.426961
0.595836 0.805884 0.426961
0.38799 0.688971 0.439952
0.38799 0.714952 0.439952
0.38799 0.740932 0.439952
0.400981 0.67598 0.439952
0.400981 0.701961 0.439952
0.400981 0.727942 0.439952
0.400981 0.753923 0.439952
0.413971 0.66299 0.439952
0.413971 0.688971 0.439952
0.413971 0.714952 0.439952
0.413971 0.740932 0.439952
0.413971 0.766913 0.439952
0.426961 0.67598 0.439952
0.426961 0.701961 0.439952
0.426961 0.727942 0.439952
0.426961 0.753923 0.439952
0.439952 0.66299 0.439952
0.439952 0.688971 0.439952
0.439952 0.714952 0.439952
0.439952 0.740932 0.439952
0.452942 0.67598 0.439952
0.452942 0.701961 0.439952
0.452942 0.727942 0.439952
0.465932 0.66299 0.439952
0.465932 0.688971 0.439952
0.465932 0.714952 0.439952
0.465932 0.740932 0.439952
0.465932 0.818875 0.439952
0.478923 0.67598 0.439952
0.478923 0.701961 0.439952
0.478923 0.727942 0.439952
0.478923 0.753923 0.439952
0.478923 0.805884 0.439952
0.478923 0.831865 0.439952
0.491913 0.66299 0.439952
0.491913 0.688971 0.439952
0.491913 0.714952 0.439952
0.491913 0.740932 0.439952
0.491913 0.792894 0.439952
0.491913 0.818875 0.439952
0.491913 0.844855 0.439952
0.504904 0.67598 0.439952
0.504904 0.701961 0.439952
0.504904 0.727942 0.439952
0.504904 0.753923 0.439952
0.504904 0.779903 0.439952
0.504904 0.805884 0.439952
0.504904 0.831865 0.439952
0.504904 0.857846 0.439952
0.517894 0.66299 0.439952
0.517894 0.688971 0.439952
0.517894 0.714952 0.439952
0.517894 0.740932 0.439952
0.517894 0.766913 0.439952
0.517894 0.792894 0.439952
0.517894 0.818875 0.439952
0.517894 0.844855 0.439952
0.517894 0.870836 0.439952
0.530884 0.67598 0.439952
0.530884 0.701961 0.439952
0.530884 0.727942 0.439952
0.530884 0.753923 0.439952
0.530884 0.779903 0.439952
0.530884 0.805884 0.439952
0.530884 0.831865 0.439952
0.530884 0.857846 0.439952
0.543875 0.66299 0.439952
0.543875 0.688971 0.439952
0.543875 0.714952 0.439952
0.543875 0.740932 0.439952
0.543875 0.766913 0.439952
0.543875 0.792894 0.439952
0.543875 0.818875 0.439952
0.543875 0.844855 0.439952
0.543875 0.870836 0.439952
0.556865 0.67598 0.439952
0.556865 0.701961 0.439952
0.556865 0.727942 0.439952
0.556865 0.753923 0.439952
0.556865 0.779903 0.439952
0.556865 0.805884 0.439952
0.556865 0.831865 0.439952
0.556865 0.857846 0.439952
0.569855 0.66299 0.439952
0.569855 0.688971 0.439952
0.569855 0.714952 0.439952
0.569855 0.740932 0.439952
0.569855 0.792894 0.439952
0.569855 0.818875 0.439952
0.569855 0.844855 0.439952
0.582846 0.67598 0.439952
0.582846 0.701961 0.439952
0.582846 0.727942 0.439952
0.582846 0.805884 0.439952
0.582846 0.831865 0.439952
0.595836 0.688971 0.439952
0.595836 0.714952 0.439952
0.595836 0.818875 0.439952
0.608827 0.805884 0.439952
0.608827 0.831865 0.439952
0.38799 0.701961 0.452942
0.38799 0.727942 0.452942
0.38799 0.753923 0.452942
0.400981 0.688971 0.452942
0.400981 0.714952 0.452942
0.400981 0.740932 0.452942
0.400981 0.766913 0.452942
0.413971 0.67598 0.452942
0.413971 0.701961 0.452942
0.413971 0.727942 0.452942
0.413971 0.753923 0.452942
0.426961 0.66299 0.452942
0.426961 0.688971 0.452942
0.426961 0.714952 0.452942
0.426961 0.740932 0.452942
0.439952 0.67598 0.452942
0.439952 0.701961 0.452942
0.439952 0.727942 0.452942
0.439952 0.753923 0.452942
0.452942 0.66299 0.452942
0.452942 0.688971 0.452942
0.452942 0.714952 0.452942
0.452942 0.740932 0.452942
0.465932 0.67598 0.452942
0.465932 0.701961 0.452942
0.465932 0.727942 0.452942
0.465932 0.753923 0.452942
0.465932 0.805884 0.452942
0.465932 0.831865 0.452942
0.478923 0.66299 0.452942
0.478923 0.688971 0.452942
0.478923 0.714952 0.452942
0.478923 0.740932 0.452942
0.478923 0.792894 0.452942
0.478923 0.818875 0.452942
0.478923 0.844855 0.452942
0.491913 0.67598 0.452942
0.491913 0.701961 0.452942
0.491913 0.727942 0.452942
0.491913 0.753923 0.452942
0.491913 0.779903 0.452942
0.491913 0.805884 0.452942
0.491913 0.831865 0.452942
0.491913 0.857846 0.452942
0.504904 0.66299 0.452942
0.504904 0.688971 0.452942
0.504904 0.714952 0.452942
0.504904 0.740932 0.452942
0.504904 0.766913 0.452942
0.504904 0.792894 0.452942
0.504904 0.818875 0.452942
0.504904 0.844855 0.452942
0.504904 0.870836 0.452942
0.517894 0.67598 0.452942
0.517894 0.701961 0.452942
0.517894 0.727942 0.452942
0.517894 0.753923 0.452942
0.517894 0.779903 0.452942
0.517894 0.805884 0.452942
0.517894 0.831865 0.452942
0.517894 0.857846 0.452942
0.530884 0.66299 0.452942
0.530884 0.688971 0.452942
0.530884 0.714952 0.452942
0.530884 0.740932 0.452942
0.530884 0.766913 0.452942
0.530884 0.792894 0.452942
0.530884 0.818875 0.452942
0.530884 0.844855 0.452942
0.530884 0.870836 0.452942
0.543875 0.67598 0.452942
0.543875 0.701961 0.452942
0.543875 0.727942 0.452942
0.543875 0.753923 0.452942
0.543875 0.779903 0.452942
0.543875 0.805884 0.452942
0.543875 0.831865 0.452942
0.543875 0.857846 0.452942
0.556865 0.66299 0.452942
0.556865 0.688971 0.452942
0.556865 0.714952 0.452942
0.556865 0.740932 0.452942
0.556865 0.766913 0.452942
0.556865 0.792894 0.452942
0.556865 0.818875 0.452942
0.556865 0.844855 0.452942
0.556865 0.870836 0.452942
0.569855 0.67598 0.452942
0.569855 0.701961 0.452942
0.569855 0.727942 0.452942
0.569855 0.753923 0.452942
0.569855 0.779903 0.452942
0.569855 0.805884 0.452942
0.569855 0.831865 0.452942
0.569855 0.857846 0.452942
0.582846 0.66299 0.452942
0.582846 0.688971 0.452942
0.582846 0.714952 0.452942
0.582846 0.740932 0.452942
0.582846 0.792894 0.452942
0.582846 0.818875 0.452942
0.582846 0.844855 0.452942
0.595836 0.67598 0.452942
0.595836 0.701961 0.452942
0.595836 0.727942 0.452942
0.595836 0.805884 0.452942
0.595836 0.831865 0.452942
0.608827 0.818875 0.452942
0.621817 0.831865 0.452942
0.38799 0.688971 0.465932
0.38799 0.714952 0.465932
0.38799 0.740932 0.465932
0.400981 0.67598 0.465932
0.400981 0.701961 0.465932
0.400981 0.727942 0.465932
0.400981 0.753923 0.465932
0.413971 0.66299 0.465932
0.413971 0.688971 0.465932
0.413971 0.714952 0.465932
0.413971 0.740932 0.465932
0.413971 0.766913 0.465932
0.426961 0.67598 0.465932
0.426961 0.701961 0.465932
0.426961 0.727942 0.465932
0.426961 0.753923 0.465932
0.439952 0.66299 0.465932
0.439952 0.688971 0.465932
0.439952 0.714952 0.465932
0.439952 0.740932 0.465932
0.452942 0.67598 0.465932
0.452942 0.701961 0.465932
0.452942 0.727942 0.465932
0.465932 0.66299 0.465932
0.465932 0.688971 0.465932
0.465932 0.714952 0.465932
0.465932 0.740932 0.465932
0.465932 0.792894 0.465932
0.465932 0.818875 0.465932
0.478923 0.67598 0.465932
0.478923 0.701961 0.465932
0.478923 0.727942 0.465932
0.478923 0.753923 0.465932
0.478923 0.779903 0.465932
0.478923 0.805884 0.465932
0.478923 0.831865 0.465932
0.478923 0.857846 0.465932
0.491913 0.66299 0.465932
0.491913 0.688971 0.465932
0.491913 0.714952 0.465932
0.491913 0.740932 0.465932
0.491913 0.766913 0.465932
0.491913 0.792894 0.465932
0.491913 0.818875 0.465932
0.491913 0.844855 0.465932
0.491913 0.870836 0.465932
0.504904 0.67598 0.465932
0.504904 0.701961 0.465932
0.504904 0.727942 0.465932
0.504904 0.753923 0.465932
0.504904 0.779903 0.465932
0.504904 0.805884 0.465932
0.504904 0.831865 0.465932
0.504904 0.857846 0.465932
0.517894 0.66299 0.465932
0.517894 0.688971 0.465932
0.517894 0.714952 0.465932
0.517894 0.740932 0.465932
0.517894 0.766913 0.465932
0.517894 0.792894 0.465932
0.517894 0.818875 0.465932
0.517894 0.844855 0.465932
0.517894 0.870836 0.465932
0.530884 0.67598 0.465932
0.530884 0.701961 0.465932
0.530884 0.727942 0.465932
0.530884 0.753923 0.465932
0.530884 0.779903 0.465932
0.530884 0.805884 0.465932
0.530884 0.831865 0.465932
0.530884 0.857846 0.465932
0.543875 0.66299 0.465932
0.543875 0.688971 0.465932
0.543875 0.714952 0.465932
0.543875 0.740932 0.465932
0.543875 0.766913 0.465932
0.543875 0.792894 0.465932
0.543875 0.818875 0.465932
0.543875 0.844855 0.465932
0.543875 0.870836 0.465932
0.556865 0.67598 0.465932
0.556865 0.701961 0.465932
0.556865 0.727942 0.465932
0.556865 0.753923 0.465932
0.556865 0.779903 0.465932
0.556865 0.805884 0.465932
0.556865 0.831865 0.465932
0.556865 0.857846 0.465932
0.569855 0.66299 0.465932
0.569855 0.688971 0.465932
0.569855 0.714952 0.465932
0.569855 0.740932 0.465932
0.569855 0.792894 0.465932
0.569855 0.818875 0.465932
0.569855 0.844855 0.465932
0.582846 0.67598 0.465932
0.582846 0.701961 0.465932
0.582846 0.727942 0.465932
0.582846 0.753923 0.465932
0.582846 0.805884 0.465932
0.582846 0.831865 0.465932
0.595836 0.688971 0.465932
0.595836 0.714952 0.465932
0.595836 0.740932 0.465932
0.595836 0.818875 0.465932
0.608827 0.701961 0.465932
0.38799 0.701961 0.478923
0.38799 0.727942 0.478923
0.38799 0.753923 0.478923
0.400981 0.688971 0.478923
0.400981 0.714952 0.478923
0.400981 0.740932 0.478923
0.400981 0.766913 0.478923
0.413971 0.67598 0.478923
0.413971 0.701961 0.478923
0.413971 0.727942 0.478923
0.413971 0.753923 0.478923
0.426961 0.66299 0.478923
0.426961 0.688971 0.478923
0.426961 0.714952 0.478923
0.426961 0.740932 0.478923
0.439952 0.67598 0.478923
0.439952 0.701961 0.478923
0.439952 0.727942 0.478923
0.452942 0.66299 0.478923
0.452942 0.688971 0.478923
0.452942 0.714952 0.478923
0.452942 0.740932 0.478923
0.465932 0.67598 0.478923
0.465932 0.701961 0.478923
0.465932 0.727942 0.478923
0.465932 0.805884 0.478923
0.465932 0.831865 0.478923
0.478923 0.66299 0.478923
0.478923 0.688971 0.478923
0.478923 0.714952 0.478923
0.478923 0.740932 0.478923
0.478923 0.792894 0.478923
0.478923 0.818875 0.478923
0.478923 0.844855 0.478923
0.491913 0.67598 0.478923
0.491913 0.701961 0.478923
0.491913 0.727942 0.478923
0.491913 0.753923 0.478923
0.491913 0.779903 0.478923
0.491913 0.805884 0.478923
0.491913 0.831865 0.478923
0.491913 0.857846 0.478923
0.504904 0.66299 0.478923
0.504904 0.688971 0.478923
0.504904 0.714952 0.478923
0.504904 0.740932 0.478923
0.504904 0.766913 0.478923
0.504904 0.792894 0.478923
0.504904 0.818875 0.478923
0.504904 0.844855 0.478923
0.504904 0.870836 0.478923
0.517894 0.67598 0.478923
0.517894 0.701961 0.478923
0.517894 0.727942 0.478923
0.517894 0.753923 0.478923
0.517894 0.779903 0.478923
0.517894 0.805884 0.478923
0.517894 0.831865 0.478923
0.517894 0.857846 0.478923
0.530884 0.66299 0.478923
0.530884 0.688971 0.478923
0.530884 0.714952 0.478923
0.530884 0.740932 0.478923
0.530884 0.766913 0.478923
0.530884 0.792894 0.478923
0.530884 0.818875 0.478923
0.530884 0.844855 0.478923
0.530884 0.870836 0.478923
0.543875 0.67598 0.478923
0.543875 0.701961 0.478923
0.543875 0.727942 0.478923
0.543875 0.753923 0.478923
0.543875 0.779903 0.478923
0.543875 0.805884 0.478923
0.543875 0.831865 0.478923
0.543875 0.857846 0.478923
0.556865 0.66299 0.478923
0.556865 0.688971 0.478923
0.556865 0.714952 0.478923
0.556865 0.740932 0.478923
0.556865 0.766913 0.478923
0.556865 0.792894 0.478923
0.556865 0.818875 0.478923
0.556865 0.844855 0.478923
0.556865 0.870836 0.478923
0.569855 0.67598 0.478923
0.569855 0.701961 0.478923
0.569855 0.727942 0.478923
0.569855 0.753923 0.478923
0.569855 0.779903 0.478923
0.569855 0.805884 0.478923
0.569855 0.831865 0.478923
0.569855 0.857846 0.478923
0.582846 0.66299 0.478923
0.582846 0.688971 0.478923
0.582846 0.714952 0.478923
0.582846 0.740932 0.478923
0.582846 0.792894 0.478923
0.582846 0.818875 0.478923
0.582846 0.844855 0.478923
0.595836 0.67598 0.478923
0.595836 0.701961 0.478923
0.595836 0.727942 0.478923
0.38799 0.688971 0.491913
0.38799 0.714952 0.491913
0.38799 0.740932 0.491913
0.400981 0.67598 0.491913
0.400981 0.701961 0.491913
0.400981 0.727942 0.491913
0.400981 0.753923 0.491913
0.413971 0.66299 0.491913
0.413971 0.688971 0.491913
0.413971 0.714952 0.491913
0.413971 0.740932 0.491913
0.426961 0.67598 0.491913
0.426961 0.701961 0.491913
0.426961 0.727942 0.491913
0.426961 0.753923 0.491913
0.439952 0.66299 0.491913
0.439952 0.688971 0.491913
0.439952 0.714952 0.491913
0.439952 0.740932 0.491913
0.452942 0.67598 0.491913
0.452942 0.701961 0.491913
0.452942 0.727942 0.491913
0.465932 0.66299 0.491913
0.465932 0.688971 0.491913
0.465932 0.714952 0.491913
0.465932 0.740932 0.491913
0.478923 0.67598 0.491913
0.478923 0.701961 0.491913
0.478923 0.727942 0.491913
0.478923 0.753923 0.491913
0.478923 0.805884 0.491913
0.478923 0.831865 0.491913
0.491913 0.66299 0.491913
0.491913 0.688971 0.491913
0.491913 0.714952 0.491913
0.491913 0.740932 0.491913
0.491913 0.792894 0.491913
0.491913 0.818875 0.491913
0.491913 0.844855 0.491913
0.504904 0.67598 0.491913
0.504904 0.701961 0.491913
0.504904 0.727942 0.491913
0.504904 0.753923 0.491913
0.504904 0.779903 0.491913
0.504904 0.805884 0.491913
0.504904 0.831865 0.491913
0.504904 0.857846 0.491913
0.517894 0.66299 0.491913
0.517894 0.688971 0.491913
0.517894 0.714952 0.491913
0.517894 0.740932 0.491913
0.517894 0.766913 0.491913
0.517894 0.792894 0.491913
0.517894 0.818875 0.491913
0.517894 0.844855 0.491913
0.517894 0.870836 0.491913
0.530884 0.67598 0.491913
0.530884 0.701961 0.491913
0.530884 0.727942 0.491913
0.530884 0.753923 0.491913
0.530884 0.779903 0.491913
0.530884 0.805884 0.491913
0.530884 0.831865 0.491913
0.530884 0.857846 0.491913
0.543875 0.66299 0.491913
0.543875 0.688971 0.491913
0.543875 0.714952 0.491913
0.543875 0.740932 0.491913
0.543875 0.766913 0.491913
0.543875 0.792894 0.491913
0.543875 0.818875 0.491913
0.543875 0.844855 0.491913
0.543875 0.870836 0.491913
0.556865 0.67598 0.491913
0.556865 0.701961 0.491913
0.556865 0.727942 0.491913
0.556865 0.753923 0.491913
0.556865 0.779903 0.491913
0.556865 0.805884 0.491913
0.556865 0.831865 0.491913
0.556865 0.857846 0.491913
0.569855 0.66299 0.491913
0.569855 0.688971 0.491913
0.569855 0.714952 0.491913
0.569855 0.740932 0.491913
0.569855 0.792894 0.491913
0.569855 0.818875 0.491913
0.569855 0.844855 0.491913
0.582846 0.67598 0.491913
0.582846 0.701961 0.491913
0.582846 0.727942 0.491913
0.582846 0.805884 0.491913
0.595836 0.688971 0.491913
0.595836 0.714952 0.491913
0.38799 0.727942 0.504904
0.400981 0.688971 0.504904
0.400981 0.714952 0.504904
0.400981 0.740932 0.504904
0.413971 0.67598 0.504904
0.413971 0.701961 0.504904
0.413971 0.727942 0.504904
0.413971 0.753923 0.504904
0.426961 0.66299 0.504904
0.426961 0.688971 0.504904
0.426961 0.714952 0.504904
0.426961 0.740932 0.504904
0.439952 0.67598 0.504904
0.439952 0.701961 0.504904
0.439952 0.727942 0.504904
0.452942 0.66299 0.504904
0.452942 0.688971 0.504904
0.452942 0.714952 0.504904
0.452942 0.740932 0.504904
0.465932 0.67598 0.504904
0.465932 0.701961 0.504904
0.465932 0.727942 0.504904
0.478923 0.66299 0.504904
0.478923 0.688971 0.504904
0.478923 0.714952 0.504904
0.478923 0.740932 0.504904
0.478923 0.818875 0.504904
0.491913 0.67598 0.504904
0.491913 0.701961 0.504904
0.491913 0.727942 0.504904
0.491913 0.753923 0.504904
0.491913 0.805884 0.504904
0.491913 0.831865 0.504904
0.504904 0.66299 0.504904
0.504904 0.688971 0.504904
0.504904 0.714952 0.504904
0.504904 0.740932 0.504904
0.504904 0.792894 0.504904
0.504904 0.818875 0.504904
0.504904 0.844855 0.504904
0.517894 0.67598 0.504904
0.517894 0.701961 0.504904
0.517894 0.727942 0.504904
0.517894 0.753923 0.504904
0.517894 0.779903 0.504904
0.517894 0.805884 0.504904
0.517894 0.831865 0.504904
0.517894 0.857846 0.504904
0.530884 0.66299 0.504904
0.530884 0.688971 0.504904
0.530884 0.714952 0.504904
0.530884 0.740932 0.504904
0.530884 0.792894 0.504904
0.530884 0.818875 0.504904
0.530884 0.844855 0.504904
0.543875 0.67598 0.504904
0.543875 0.701961 0.504904
0.543875 0.727942 0.504904
0.543875 0.753923 0.504904
0.543875 0.779903 0.504904
0.543875 0.805884 0.504904
0.543875 0.831865 0.504904
0.543875 0.857846 0.504904
0.556865 0.66299 0.504904
0.556865 0.688971 0.504904
0.556865 0.714952 0.504904
0.556865 0.740932 0.504904
0.556865 0.792894 0.504904
0.556865 0.818875 0.504904
0.556865 0.844855 0.504904
0.569855 0.67598 0.504904
0.569855 0.701961 0.504904
0.569855 0.727942 0.504904
0.569855 0.805884 0.504904
0.569855 0.831865 0.504904
0.582846 0.688971 0.504904
0.582846 0.714952 0.504904
0.400981 0.701961 0.517894
0.400981 0.727942 0.517894
0.413971 0.688971 0.517894
0.413971 0.714952 0.517894
0.413971 0.740932 0.517894
0.426961 0.67598 0.517894
0.426961 0.701961 0.517894
0.426961 0.727942 0.517894
0.439952 0.66299 0.517894
0.439952 0.688971 0.517894
0.439952 0.714952 0.517894
0.439952 0.740932 0.517894
0.452942 0.67598 0.517894
0.452942 0.701961 0.517894
0.452942 0.727942 0.517894
0.465932 0.66299 0.517894
0.465932 0.688971 0.517894
0.465932 0.714952 0.517894
0.465932 0.740932 0.517894
0.478923 0.67598 0.517894
0.478923 0.701961 0.517894
0.478923 0.727942 0.517894
0.491913 0.66299 0.517894
0.491913 0.688971 0.517894
0.491913 0.714952 0.517894
0.491913 0.740932 0.517894
0.504904 0.67598 0.517894
0.504904 0.701961 0.517894
0.504904 0.727942 0.517894
0.504904 0.805884 0.517894
0.504904 0.831865 0.517894
0.517894 0.66299 0.517894
0.517894 0.688971 0.517894
0.517894 0.714952 0.517894
0.517894 0.740932 0.517894
0.517894 0.792894 0.517894
0.517894 0.818875 0.517894
0.517894 0.844855 0.517894
0.530884 0.67598 0.517894
0.530884 0.701961 0.517894
0.530884 0.727942 0.517894
0.530884 0.805884 0.517894
0.530884 0.831865 0.517894
0.543875 0.66299 0.517894
0.543875 0.688971 0.517894
0.543875 0.714952 0.517894
0.543875 0.740932 0.517894
0.543875 0.818875 0.517894
0.556865 0.67598 0.517894
0.556865 0.701961 0.517894
0.556865 0.727942 0.517894
0.569855 0.688971 0.517894
0.569855 0.714952 0.517894
0.582846 0.701961 0.517894
0.426961 0.688971 0.530884
0.426961 0.714952 0.530884
0.439952 0.67598 0.530884
0.439952 0.701961 0.530884
0.439952 0.727942 0.530884
0.452942 0.66299 0.530884
0.452942 0.688971 0.530884
0.452942 0.714952 0.530884
0.465932 0.67598 0.530884
0.465932 0.701961 0.530884
0.465932 0.727942 0.530884
0.478923 0.66299 0.530884
0.478923 0.688971 0.530884
0.478923 0.714952 0.530884
0.491913 0.67598 0.530884
0.491913 0.701961 0.530884
0.491913 0.727942 0.530884
0.504904 0.66299 0.530884
0.504904 0.688971 0.530884
0.504904 0.714952 0.530884
0.517894 0.67598 0.530884
0.517894 0.701961 0.530884
0.517894 0.727942 0.530884
0.530884 0.688971 0.530884
0.530884 0.714952 0.530884
0.543875 0.67598 0.530884
0.543875 0.701961 0.530884
0.543875 0.727942 0.530884
0.556865 0.688971 0.530884
0.556865 0.714952 0.530884
0.569855 0.701961 0.530884
0.452942 0.701961 0.543875
0.465932 0.688971 0.543875
0.465932 0.714952 0.543875
0.478923 0.701961 0.543875
0.491913 0.688971 0.543875
0.491913 0.714952 0.543875
0.504904 0.701961 0.543875
0.517894 0.688971 0.543875
0.517894 0.714952 0.543875
0.530884 0.701961 0.543875
