-0.062877 -0.0505169 -0.0743075
-0.062877 -0.0245361 -0.0743075
-0.0498866 -0.0635073 -0.0743075
-0.0498866 -0.0375265 -0.0743075
-0.0498866 -0.0115457 -0.0743075
-0.0368962 -0.0505169 -0.0743075
-0.0368962 -0.0245361 -0.0743075
-0.0239059 -0.0635073 -0.0743075
-0.0239059 -0.0375265 -0.0743075
-0.0239059 -0.0115457 -0.0743075
-0.0109155 -0.0505169 -0.0743075
-0.0109155 -0.0245361 -0.0743075
0.0020749 -0.0635073 -0.0743075
0.0020749 -0.0375265 -0.0743075
0.0020749 -0.0115457 -0.0743075
0.0150653 -0.0505169 -0.0743075
0.0150653 -0.0245361 -0.0743075
0.0280557 -0.0635073 -0.0743075
0.0280557 -0.0375265 -0.0743075
0.0280557 -0.0115457 -0.0743075
0.0410461 -0.0505169 -0.0743075
0.0410461 -0.0245361 -0.0743075
0.0540364 -0.0375265 -0.0743075
-0.101848 -0.0245361 -0.0613171
-0.0888577 -0.0375265 -0.0613171
-0.0888577 -0.0115457 -0.0613171
-0.0758673 -0.0505169 -0.0613171
-0.0758673 -0.0245361 -0.0613171
-0.062877 -0.0635073 -0.0613171
-0.062877 -0.0375265 -0.0613171
-0.062877 -0.0115457 -0.0613171
-0.0498866 -0.0764977 -0.0613171
-0.0498866 -0.0505169 -0.0613171
-0.0498866 -0.0245361 -0.0613171
-0.0368962 -0.0635073 -0.0613171
-0.0368962 -0.0375265 -0.0613171
-0.0368962 -0.0115457 -0.0613171
-0.0239059 -0.0764977 -0.0613171
-0.0239059 -0.0505169 -0.0613171
-0.0239059 -0.0245361 -0.0613171
-0.0239059 0.00144464 -0.0613171
-0.0109155 -0.0635073 -0.0613171
-0.0109155 -0.0375265 -0.0613171
-0.0109155 -0.0115457 -0.0613171
0.0020749 -0.0764977 -0.0613171
0.0020749 -0.0505169 -0.0613171
0.0020749 -0.0245361 -0.0613171
0.0020749 0.00144464 -0.0613171
0.0150653 -0.0635073 -0.0613171
0.0150653 -0.0375265 -0.0613171
0.0150653 -0.0115457 -0.0613171
0.0150653 0.0663965 -0.0613171
0.0280557 -0.0764977 -0.0613171
0.0280557 -0.0505169 -0.0613171
0.0280557 -0.0245361 -0.0613171
0.0280557 0.00144464 -0.0613171
0.0280557 0.0793868 -0.0613171
0.0410461 -0.0635073 -0.0613171
0.0410461 -0.0375265 -0.0613171
0.0410461 -0.0115457 -0.0613171
0.0410461 0.0663965 -0.0613171
0.0540364 -0.0505169 -0.0613171
0.0540364 -0.0245361 -0.0613171
0.0670267 -0.0635073 -0.0613171
0.0670267 -0.0375265 -0.0613171
0.0670267 -0.0115457 -0.0613171
-0.114838 -0.0245361 -0.0483268
-0.101848 -0.0375265 -0.0483268
-0.101848 -0.0115457 -0.0483268
-0.0888577 -0.0505169 -0.0483268
-0.0888577 -0.0245361 -0.0483268
-0.0888577 0.00144464 -0.0483268
-0.0758673 -0.0635073 -0.0483268
-0.0758673 -0.0375265 -0.0483268
-0.0758673 -0.0115457 -0.0483268
-0.062877 -0.0764977 -0.0483268
-0.062877 -0.0505169 -0.0483268
-0.062877 -0.0245361 -0.0483268
-0.062877 0.00144464 -0.0483268
-0.0498866 -0.0635073 -0.0483268
-0.0498866 -0.0375265 -0.0483268
-0.0498866 -0.0115457 -0.0483268
-0.0368962 -0.0764977 -0.0483268
-0.0368962 -0.0505169 -0.0483268
-0.0368962 -0.0245361 -0.0483268
-0.0368962 0.00144464 -0.0483268
-0.0239059 -0.0635073 -0.0483268
-0.0239059 -0.0375265 -0.0483268
-0.0239059 -0.0115457 -0.0483268
-0.0109155 -0.0764977 -0.0483268
-0.0109155 -0.0505169 -0.0483268
-0.0109155 -0.0245361 -0.0483268
-0.0109155 0.00144464 -0.0483268
-0.0109155 0.0793868 -0.0483268
0.0020749 -0.0635073 -0.0483268
0.0020749 -0.0375265 -0.0483268
0.0020749 -0.0115457 -0.0483268
0.0020749 0.014435 -0.0483268
0.0020749 0.0663965 -0.0483268
0.0020749 0.0923772 -0.0483268
0.0150653 -0.0764977 -0.0483268
0.0150653 -0.0505169 -0.0483268
0.0150653 -0.0245361 -0.0483268
0.0150653 0.00144464 -0.0483268
0.0150653 0.0534061 -0.0483268
0.0150653 0.0793868 -0.0483268
0.0150653 0.105368 -0.0483268
0.0280557 -0.0635073 -0.0483268
0.0280557 -0.0375265 -0.0483268
0.0280557 -0.0115457 -0.0483268
0.0280557 0.014435 -0.0483268
0.0280557 0.0404157 -0.0483268
0.0280557 0.0663965 -0.0483268
0.0280557 0.0923772 -0.0483268
0.0280557 0.118358 -0.0483268
0.0410461 -0.0764977 -0.0483268
0.0410461 -0.0505169 -0.0483268
0.0410461 -0.0245361 -0.0483268
0.0410461 0.00144464 -0.0483268
0.0410461 0.0534061 -0.0483268
0.0410461 0.0793868 -0.0483268
0.0410461 0.105368 -0.0483268
0.0540364 -0.0635073 -0.0483268
0.0540364 -0.0375265 -0.0483268
0.0540364 -0.0115457 -0.0483268
0.0540364 0.0663965 -0.0483268
0.0540364 0.0923772 -0.0483268
0.0670267 -0.0764977 -0.0483268
0.0670267 -0.0505169 -0.0483268
0.0670267 -0.0245361 -0.0483268
0.0670267 0.00144464 -0.0483268
0.0670267 0.0793868 -0.0483268
0.0800171 -0.0635073 -0.0483268
0.0800171 -0.0375265 -0.0483268
0.0800171 -0.0115457 -0.0483268
0.0800171 0.0663965 -0.0483268
0.0930076 0.0793868 -0.0483268
-0.114838 -0.0375265 -0.0353364
-0.114838 -0.0115457 -0.0353364
-0.101848 -0.0505169 -0.0353364
-0.101848 -0.0245361 -0.0353364
-0.101848 0.00144464 -0.0353364
-0.0888577 -0.0635073 -0.0353364
-0.0888577 -0.0375265 -0.0353364
-0.0888577 -0.0115457 -0.0353364
-0.0888577 0.014435 -0.0353364
-0.0758673 -0.0764977 -0.0353364
-0.0758673 -0.0505169 -0.0353364
-0.0758673 -0.0245361 -0.0353364
-0.0758673 0.00144464 -0.0353364
-0.062877 -0.0635073 -0.0353364
-0.062877 -0.0375265 -0.0353364
-0.062877 -0.0115457 -0.0353364
-0.0498866 -0.0764977 -0.0353364
-0.0498866 -0.0505169 -0.0353364
-0.0498866 -0.0245361 -0.0353364
-0.0498866 0.00144464 -0.0353364
-0.0368962 -0.0635073 -0.0353364
-0.0368962 -0.0375265 -0.0353364
-0.0368962 -0.0115457 -0.0353364
-0.0239059 -0.0764977 -0.0353364
-0.0239059 -0.0505169 -0.0353364
-0.0239059 -0.0245361 -0.0353364
-0.0239059 0.00144464 -0.0353364
-0.0239059 0.0793868 -0.0353364
-0.0109155 -0.0635073 -0.0353364
-0.0109155 -0.0375265 -0.0353364
-0.0109155 -0.0115457 -0.0353364
-0.0109155 0.014435 -0.0353364
-0.0109155 0.0404157 -0.0353364
-0.0109155 0.0663965 -0.0353364
-0.0109155 0.0923772 -0.0353364
-0.0109155 0.118358 -0.0353364
0.0020749 -0.0764977 -0.0353364
0.0020749 -0.0505169 -0.0353364
0.0020749 -0.0245361 -0.0353364
0.0020749 0.00144464 -0.0353364
0.0020749 0.0534061 -0.0353364
0.0020749 0.0793868 -0.0353364
0.0020749 0.105368 -0.0353364
0.0150653 -0.0635073 -0.0353364
0.0150653 -0.0375265 -0.0353364
0.0150653 -0.0115457 -0.0353364
0.0150653 0.014435 -0.0353364
0.0150653 0.0404157 -0.0353364
0.0150653 0.0663965 -0.0353364
0.0150653 0.0923772 -0.0353364
0.0150653 0.118358 -0.0353364
0.0280557 -0.0764977 -0.0353364
0.0280557 -0.0505169 -0.0353364
0.0280557 -0.0245361 -0.0353364
0.0280557 0.00144464 -0.0353364
0.0280557 0.0274253 -0.0353364
0.0280557 0.0534061 -0.0353364
0.0280557 0.0793868 -0.0353364
0.0280557 0.105368 -0.0353364
0.0280557 0.131348 -0.0353364
0.0410461 -0.0635073 -0.0353364
0.0410461 -0.0375265 -0.0353364
0.0410461 -0.0115457 -0.0353364
0.0410461 0.014435 -0.0353364
0.0410461 0.0404157 -0.0353364
0.0410461 0.0663965 -0.0353364
0.0410461 0.0923772 -0.0353364
0.0410461 0.118358 -0.0353364
0.0540364 -0.0764977 -0.0353364
0.0540364 -0.0505169 -0.0353364
0.0540364 -0.0245361 -0.0353364
0.0540364 0.00144464 -0.0353364
0.0540364 0.0534061 -0.0353364
0.0540364 0.0793868 -0.0353364
0.0540364 0.105368 -0.0353364
0.0670267 -0.0635073 -0.0353364
0.0670267 -0.0375265 -0.0353364
0.0670267 -0.0115457 -0.0353364
0.0670267 0.0663965 -0.0353364
0.0670267 0.0923772 -0.0353364
0.0800171 -0.0764977 -0.0353364
0.0800171 -0.0505169 -0.0353364
0.0800171 -0.0245361 -0.0353364
0.0800171 0.00144464 -0.0353364
0.0800171 0.0793868 -0.0353364
0.0930076 -0.0375265 -0.0353364
0.0930076 0.0663965 -0.0353364
-0.114838 -0.0505169 -0.022346
-0.114838 -0.0245361 -0.022346
-0.114838 0.00144464 -0.022346
-0.101848 -0.0635073 -0.022346
-0.101848 -0.0375265 -0.022346
-0.101848 -0.0115457 -0.022346
-0.101848 0.014435 -0.022346
-0.0888577 -0.0764977 -0.022346
-0.0888577 -0.0505169 -0.022346
-0.0888577 -0.0245361 -0.022346
-0.0888577 0.00144464 -0.022346
-0.0888577 0.0274253 -0.022346
-0.0758673 -0.0635073 -0.022346
-0.0758673 -0.0375265 -0.022346
-0.0758673 -0.0115457 -0.022346
-0.0758673 0.014435 -0.022346
-0.062877 -0.0764977 -0.022346
-0.062877 -0.0505169 -0.022346
-0.062877 -0.0245361 -0.022346
-0.062877 0.00144464 -0.022346
-0.0498866 -0.0635073 -0.022346
-0.0498866 -0.0375265 -0.022346
-0.0498866 -0.0115457 -0.022346
-0.0368962 -0.0764977 -0.022346
-0.0368962 -0.0505169 -0.022346
-0.0368962 -0.0245361 -0.022346
-0.0368962 0.00144464 -0.022346
-0.0368962 0.0793868 -0.022346
-0.0239059 -0.0635073 -0.022346
-0.0239059 -0.0375265 -0.022346
-0.0239059 -0.0115457 -0.022346
-0.0239059 0.014435 -0.022346
-0.0239059 0.0663965 -0.022346
-0.0239059 0.0923772 -0.022346
-0.0109155 -0.0764977 -0.022346
-0.0109155 -0.0505169 -0.022346
-0.0109155 -0.0245361 -0.022346
-0.0109155 0.00144464 -0.022346
-0.0109155 0.0534061 -0.022346
-0.0109155 0.0793868 -0.022346
-0.0109155 0.105368 -0.022346
0.0020749 -0.0635073 -0.022346
0.0020749 -0.0375265 -0.022346
0.0020749 -0.0115457 -0.022346
0.0020749 0.014435 -0.022346
0.0020749 0.0404157 -0.022346
0.0020749 0.0663965 -0.022346
0.0020749 0.0923772 -0.022346
0.0020749 0.118358 -0.022346
0.0150653 -0.0764977 -0.022346
0.0150653 -0.0505169 -0.022346
0.0150653 -0.0245361 -0.022346
0.0150653 0.00144464 -0.022346
0.0150653 0.0274253 -0.022346
0.0150653 0.0534061 -0.022346
0.0150653 0.0793868 -0.022346
0.0150653 0.105368 -0.022346
0.0150653 0.131348 -0.022346
0.0280557 -0.0635073 -0.022346
0.0280557 -0.0375265 -0.022346
0.0280557 -0.0115457 -0.022346
0.0280557 0.014435 -0.022346
0.0280557 0.0404157 -0.022346
0.0280557 0.0663965 -0.022346
0.0280557 0.0923772 -0.022346
0.0280557 0.118358 -0.022346
0.0410461 -0.0764977 -0.022346
0.0410461 -0.0505169 -0.022346
0.0410461 -0.0245361 -0.022346
0.0410461 0.00144464 -0.022346
0.0410461 0.0274253 -0.022346
0.0410461 0.0534061 -0.022346
0.0410461 0.0793868 -0.022346
0.0410461 0.105368 -0.022346
0.0410461 0.131348 -0.022346
0.0540364 -0.0635073 -0.022346
0.0540364 -0.0375265 -0.022346
0.0540364 -0.0115457 -0.022346
0.0540364 0.014435 -0.022346
0.0540364 0.0404157 -0.022346
0.0540364 0.0663965 -0.022346
0.0540364 0.0923772 -0.022346
0.0540364 0.118358 -0.022346
0.0670267 -0.0764977 -0.022346
0.0670267 -0.0505169 -0.022346
0.0670267 -0.0245361 -0.022346
0.0670267 0.00144464 -0.022346
0.0670267 0.0534061 -0.022346
0.0670267 0.0793868 -0.022346
0.0670267 0.105368 -0.022346
0.0800171 -0.0635073 -0.022346
0.0800171 -0.0375265 -0.022346
0.0800171 -0.0115457 -0.022346
0.0800171 0.0663965 -0.022346
0.0800171 0.0923772 -0.022346
0.0930076 -0.0505169 -0.022346
0.0930076 -0.0245361 -0.022346
0.0930076 0.0793868 -0.022346
0.105998 0.0663965 -0.022346
0.105998 0.0923772 -0.022346
-0.114838 -0.0375265 -0.00935563
-0.114838 -0.0115457 -0.00935563
-0.114838 0.014435 -0.00935563
-0.101848 -0.0505169 -0.00935563
-0.101848 -0.0245361 -0.00935563
-0.101848 0.00144464 -0.00935563
-0.101848 0.0274253 -0.00935563
-0.0888577 -0.0635073 -0.00935563
-0.0888577 -0.0375265 -0.00935563
-0.0888577 -0.0115457 -0.00935563
-0.0888577 0.014435 -0.00935563
-0.0758673 -0.0764977 -0.00935563
-0.0758673 -0.0505169 -0.00935563
-0.0758673 -0.0245361 -0.00935563
-0.0758673 0.00144464 -0.00935563
-0.062877 -0.0635073 -0.00935563
-0.062877 -0.0375265 -0.00935563
-0.062877 -0.0115457 -0.00935563
-0.062877 0.014435 -0.00935563
-0.0498866 -0.0764977 -0.00935563
-0.0498866 -0.0505169 -0.00935563
-0.0498866 -0.0245361 -0.00935563
-0.0498866 0.00144464 -0.00935563
-0.0368962 -0.0635073 -0.00935563
-0.0368962 -0.0375265 -0.00935563
-0.0368962 -0.0115457 -0.00935563
-0.0368962 0.014435 -0.00935563
-0.0368962 0.0663965 -0.00935563
-0.0368962 0.0923772 -0.00935563
-0.0239059 -0.0764977 -0.00935563
-0.0239059 -0.0505169 -0.00935563
-0.0239059 -0.0245361 -0.00935563
-0.0239059 0.00144464 -0.00935563
-0.0239059 0.0534061 -0.00935563
-0.0239059 0.0793868 -0.00935563
-0.0239059 0.105368 -0.00935563
-0.0109155 -0.0635073 -0.00935563
-0.0109155 -0.0375265 -0.00935563
-0.0109155 -0.0115457 -0.00935563
-0.0109155 0.014435 -0.00935563
-0.0109155 0.0404157 -0.00935563
-0.0109155 0.0663965 -0.00935563
-0.0109155 0.0923772 -0.00935563
-0.0109155 0.118358 -0.00935563
0.0020749 -0.0764977 -0.00935563
0.0020749 -0.0505169 -0.00935563
0.0020749 -0.0245361 -0.00935563
0.0020749 0.00144464 -0.00935563
0.0020749 0.0274253 -0.00935563
0.0020749 0.0534061 -0.00935563
0.0020749 0.0793868 -0.00935563
0.0020749 0.105368 -0.00935563
0.0020749 0.131348 -0.00935563
0.0150653 -0.0635073 -0.00935563
0.0150653 -0.0375265 -0.00935563
0.0150653 -0.0115457 -0.00935563
0.0150653 0.014435 -0.00935563
0.0150653 0.0404157 -0.00935563
0.0150653 0.0663965 -0.00935563
0.0150653 0.0923772 -0.00935563
0.0150653 0.118358 -0.00935563
0.0280557 -0.0764977 -0.00935563
0.0280557 -0.0505169 -0.00935563
0.0280557 -0.0245361 -0.00935563
0.0280557 0.00144464 -0.00935563
0.0280557 0.0274253 -0.00935563
0.0280557 0.0534061 -0.00935563
0.0280557 0.0793868 -0.00935563
0.0280557 0.105368 -0.00935563
0.0280557 0.131348 -0.00935563
0.0410461 -0.0635073 -0.00935563
0.0410461 -0.0375265 -0.00935563
0.0410461 -0.0115457 -0.00935563
0.0410461 0.014435 -0.00935563
0.0410461 0.0404157 -0.00935563
0.0410461 0.0663965 -0.00935563
0.0410461 0.0923772 -0.00935563
0.0410461 0.118358 -0.00935563
0.0540364 -0.0764977 -0.00935563
0.0540364 -0.0505169 -0.00935563
0.0540364 -0.0245361 -0.00935563
0.0540364 0.00144464 -0.00935563
0.0540364 0.0274253 -0.00935563
0.0540364 0.0534061 -0.00935563
0.0540364 0.0793868 -0.00935563
0.0540364 0.105368 -0.00935563
0.0540364 0.131348 -0.00935563
0.0670267 -0.0635073 -0.00935563
0.0670267 -0.0375265 -0.00935563
0.0670267 -0.0115457 -0.00935563
0.0670267 0.014435 -0.00935563
0.0670267 0.0404157 -0.00935563
0.0670267 0.0663965 -0.00935563
0.0670267 0.0923772 -0.00935563
0.0670267 0.118358 -0.00935563
0.0800171 -0.0764977 -0.00935563
0.0800171 -0.0505169 -0.00935563
0.0800171 -0.0245361 -0.00935563
0.0800171 0.00144464 -0.00935563
0.0800171 0.0534061 -0.00935563
0.0800171 0.0793868 -0.00935563
0.0800171 0.105368 -0.00935563
0.0930076 -0.0635073 -0.00935563
0.0930076 -0.0375265 -0.00935563
0.0930076 -0.0115457 -0.00935563
0.0930076 0.0663965 -0.00935563
0.0930076 0.0923772 -0.00935563
0.105998 0.0793868 -0.00935563
0.118988 0.0923772 -0.00935563
-0.114838 -0.0505169 0.00363475
-0.114838 -0.0245361 0.00363475
-0.114838 0.00144464 0.00363475
-0.101848 -0.0635073 0.00363475
-0.101848 -0.0375265 0.00363475
-0.101848 -0.0115457 0.00363475
-0.101848 0.014435 0.00363475
-0.0888577 -0.0764977 0.00363475
-0.0888577 -0.0505169 0.00363475
-0.0888577 -0.0245361 0.00363475
-0.0888577 0.00144464 0.00363475
-0.0888577 0.0274253 0.00363475
-0.0758673 -0.0635073 0.00363475
-0.0758673 -0.0375265 0.00363475
-0.0758673 -0.0115457 0.00363475
-0.0758673 0.014435 0.00363475
-0.062877 -0.0764977 0.00363475
-0.062877 -0.0505169 0.00363475
-0.062877 -0.0245361 0.00363475
-0.062877 0.00144464 0.00363475
-0.0498866 -0.0635073 0.00363475
-0.0498866 -0.0375265 0.00363475
-0.0498866 -0.0115457 0.00363475
-0.0368962 -0.0764977 0.00363475
-0.0368962 -0.0505169 0.00363475
-0.0368962 -0.0245361 0.00363475
-0.0368962 0.00144464 0.00363475
-0.0368962 0.0534061 0.00363475
-0.0368962 0.0793868 0.00363475
-0.0239059 -0.0635073 0.00363475
-0.0239059 -0.0375265 0.00363475
-0.0239059 -0.0115457 0.00363475
-0.0239059 0.014435 0.00363475
-0.0239059 0.0404157 0.00363475
-0.0239059 0.0663965 0.00363475
-0.0239059 0.0923772 0.00363475
-0.0239059 0.118358 0.00363475
-0.0109155 -0.0764977 0.00363475
-0.0109155 -0.0505169 0.00363475
-0.0109155 -0.0245361 0.00363475
-0.0109155 0.00144464 0.00363475
-0.0109155 0.0274253 0.00363475
-0.0109155 0.0534061 0.00363475
-0.0109155 0.0793868 0.00363475
-0.0109155 0.105368 0.00363475
-0.0109155 0.131348 0.00363475
0.0020749 -0.0635073 0.00363475
0.0020749 -0.0375265 0.00363475
0.0020749 -0.0115457 0.00363475
0.0020749 0.014435 0.00363475
0.0020749 0.0404157 0.00363475
0.0020749 0.0663965 0.00363475
0.0020749 0.0923772 0.00363475
0.0020749 0.118358 0.00363475
0.0150653 -0.0764977 0.00363475
0.0150653 -0.0505169 0.00363475
0.0150653 -0.0245361 0.00363475
0.0150653 0.00144464 0.00363475
0.0150653 0.0274253 0.00363475
0.0150653 0.0534061 0.00363475
0.0150653 0.0793868 0.00363475
0.0150653 0.105368 0.00363475
0.0150653 0.131348 0.00363475
0.0280557 -0.0635073 0.00363475
0.0280557 -0.0375265 0.00363475
0.0280557 -0.0115457 0.00363475
0.0280557 0.014435 0.00363475
0.0280557 0.0404157 0.00363475
0.0280557 0.0663965 0.00363475
0.0280557 0.0923772 0.00363475
0.0280557 0.118358 0.00363475
0.0410461 -0.0764977 0.00363475
0.0410461 -0.0505169 0.00363475
0.0410461 -0.0245361 0.00363475
0.0410461 0.00144464 0.00363475
0.0410461 0.0274253 0.00363475
0.0410461 0.0534061 0.00363475
0.0410461 0.0793868 0.00363475
0.0410461 0.105368 0.00363475
0.0410461 0.131348 0.00363475
0.0540364 -0.0635073 0.00363475
0.0540364 -0.0375265 0.00363475
0.0540364 -0.0115457 0.00363475
0.0540364 0.014435 0.00363475
0.0540364 0.0404157 0.00363475
0.0540364 0.0663965 0.00363475
0.0540364 0.0923772 0.00363475
0.0540364 0.118358 0.00363475
0.0670267 -0.0764977 0.00363475
0.0670267 -0.0505169 0.00363475
0.0670267 -0.0245361 0.00363475
0.0670267 0.00144464 0.00363475
0.0670267 0.0534061 0.00363475
0.0670267 0.0793868 0.00363475
0.0670267 0.105368 0.00363475
0.0800171 -0.0635073 0.00363475
0.0800171 -0.0375265 0.00363475
0.0800171 -0.0115457 0.00363475
0.0800171 0.014435 0.00363475
0.0800171 0.0663965 0.00363475
0.0800171 0.0923772 0.00363475
0.0930076 -0.0505169 0.00363475
0.0930076 -0.0245361 0.00363475
0.0930076 0.00144464 0.00363475
0.0930076 0.0793868 0.00363475
0.105998 -0.0375265 0.00363475
-0.114838 -0.0375265 0.0166251
-0.114838 -0.0115457 0.0166251
-0.114838 0.014435 0.0166251
-0.101848 -0.0505169 0.0166251
-0.101848 -0.0245361 0.0166251
-0.101848 0.00144464 0.0166251
-0.101848 0.0274253 0.0166251
-0.0888577 -0.0635073 0.0166251
-0.0888577 -0.0375265 0.0166251
-0.0888577 -0.0115457 0.0166251
-0.0888577 0.014435 0.0166251
-0.0758673 -0.0764977 0.0166251
-0.0758673 -0.0505169 0.0166251
-0.0758673 -0.0245361 0.0166251
-0.0758673 0.00144464 0.0166251
-0.062877 -0.0635073 0.0166251
-0.062877 -0.0375265 0.0166251
-0.062877 -0.0115457 0.0166251
-0.0498866 -0.0764977 0.0166251
-0.0498866 -0.0505169 0.0166251
-0.0498866 -0.0245361 0.0166251
-0.0498866 0.00144464 0.0166251
-0.0368962 -0.0635073 0.0166251
-0.0368962 -0.0375265 0.0166251
-0.0368962 -0.0115457 0.0166251
-0.0368962 0.0663965 0.0166251
-0.0368962 0.0923772 0.0166251
-0.0239059 -0.0764977 0.0166251
-0.0239059 -0.0505169 0.0166251
-0.0239059 -0.0245361 0.0166251
-0.0239059 0.00144464 0.0166251
-0.0239059 0.0534061 0.0166251
-0.0239059 0.0793868 0.0166251
-0.0239059 0.105368 0.0166251
-0.0109155 -0.0635073 0.0166251
-0.0109155 -0.0375265 0.0166251
-0.0109155 -0.0115457 0.0166251
-0.0109155 0.014435 0.0166251
-0.0109155 0.0404157 0.0166251
-0.0109155 0.0663965 0.0166251
-0.0109155 0.0923772 0.0166251
-0.0109155 0.118358 0.0166251
0.0020749 -0.0764977 0.0166251
0.0020749 -0.0505169 0.0166251
0.0020749 -0.0245361 0.0166251
0.0020749 0.00144464 0.0166251
0.0020749 0.0274253 0.0166251
0.0020749 0.0534061 0.0166251
0.0020749 0.0793868 0.0166251
0.0020749 0.105368 0.0166251
0.0020749 0.131348 0.0166251
0.0150653 -0.0635073 0.0166251
0.0150653 -0.0375265 0.0166251
0.0150653 -0.0115457 0.0166251
0.0150653 0.014435 0.0166251
0.0150653 0.0404157 0.0166251
0.0150653 0.0663965 0.0166251
0.0150653 0.0923772 0.0166251
0.0150653 0.118358 0.0166251
0.0280557 -0.0764977 0.0166251
0.0280557 -0.0505169 0.0166251
0.0280557 -0.0245361 0.0166251
0.0280557 0.00144464 0.0166251
0.0280557 0.0274253 0.0166251
0.0280557 0.0534061 0.0166251
0.0280557 0.0793868 0.0166251
0.0280557 0.105368 0.0166251
0.0280557 0.131348 0.0166251
0.0410461 -0.0635073 0.0166251
0.0410461 -0.0375265 0.0166251
0.0410461 -0.0115457 0.0166251
0.0410461 0.014435 0.0166251
0.0410461 0.0404157 0.0166251
0.0410461 0.0663965 0.0166251
0.0410461 0.0923772 0.0166251
0.0410461 0.118358 0.0166251
0.0540364 -0.0764977 0.0166251
0.0540364 -0.0505169 0.0166251
0.0540364 -0.0245361 0.0166251
0.0540364 0.00144464 0.0166251
0.0540364 0.0274253 0.0166251
0.0540364 0.0534061 0.0166251
0.0540364 0.0793868 0.0166251
0.0540364 0.105368 0.0166251
0.0540364 0.131348 0.0166251
0.0670267 -0.0635073 0.0166251
0.0670267 -0.0375265 0.0166251
0.0670267 -0.0115457 0.0166251
0.0670267 0.014435 0.0166251
0.0670267 0.0404157 0.0166251
0.0670267 0.0663965 0.0166251
0.0670267 0.0923772 0.0166251
0.0670267 0.118358 0.0166251
0.0800171 -0.0764977 0.0166251
0.0800171 -0.0505169 0.0166251
0.0800171 -0.0245361 0.0166251
0.0800171 0.00144464 0.0166251
0.0800171 0.0534061 0.0166251
0.0800171 0.0793868 0.0166251
0.0800171 0.105368 0.0166251
0.0930076 -0.0635073 0.0166251
0.0930076 -0.0375265 0.0166251
0.0930076 -0.0115457 0.0166251
-0.114838 -0.0505169 0.0296155
-0.114838 -0.0245361 0.0296155
-0.114838 0.00144464 0.0296155
-0.101848 -0.0635073 0.0296155
-0.101848 -0.0375265 0.0296155
-0.101848 -0.0115457 0.0296155
-0.101848 0.014435 0.0296155
-0.0888577 -0.0764977 0.0296155
-0.0888577 -0.0505169 0.0296155
-0.0888577 -0.0245361 0.0296155
-0.0888577 0.00144464 0.0296155
-0.0758673 -0.0635073 0.0296155
-0.0758673 -0.0375265 0.0296155
-0.0758673 -0.0115457 0.0296155
-0.0758673 0.014435 0.0296155
-0.062877 -0.0764977 0.0296155
-0.062877 -0.0505169 0.0296155
-0.062877 -0.0245361 0.0296155
-0.062877 0.00144464 0.0296155
-0.0498866 -0.0635073 0.0296155
-0.0498866 -0.0375265 0.0296155
-0.0498866 -0.0115457 0.0296155
-0.0368962 -0.0764977 0.0296155
-0.0368962 -0.0505169 0.0296155
-0.0368962 -0.0245361 0.0296155
-0.0368962 0.00144464 0.0296155
-0.0239059 -0.0635073 0.0296155
-0.0239059 -0.0375265 0.0296155
-0.0239059 -0.0115457 0.0296155
-0.0239059 0.014435 0.0296155
-0.0239059 0.0663965 0.0296155
-0.0239059 0.0923772 0.0296155
-0.0109155 -0.0764977 0.0296155
-0.0109155 -0.0505169 0.0296155
-0.0109155 -0.0245361 0.0296155
-0.0109155 0.00144464 0.0296155
-0.0109155 0.0534061 0.0296155
-0.0109155 0.0793868 0.0296155
-0.0109155 0.105368 0.0296155
0.0020749 -0.0635073 0.0296155
0.0020749 -0.0375265 0.0296155
0.0020749 -0.0115457 0.0296155
0.0020749 0.014435 0.0296155
0.0020749 0.0404157 0.0296155
0.0020749 0.0663965 0.0296155
0.0020749 0.0923772 0.0296155
0.0020749 0.118358 0.0296155
0.0150653 -0.0764977 0.0296155
0.0150653 -0.0505169 0.0296155
0.0150653 -0.0245361 0.0296155
0.0150653 0.00144464 0.0296155
0.0150653 0.0274253 0.0296155
0.0150653 0.0534061 0.0296155
0.0150653 0.0793868 0.0296155
0.0150653 0.105368 0.0296155
0.0150653 0.131348 0.0296155
0.0280557 -0.0635073 0.0296155
0.0280557 -0.0375265 0.0296155
0.0280557 -0.0115457 0.0296155
0.0280557 0.014435 0.0296155
0.0280557 0.0404157 0.0296155
0.0280557 0.0663965 0.0296155
0.0280557 0.0923772 0.0296155
0.0280557 0.118358 0.0296155
0.0410461 -0.0764977 0.0296155
0.0410461 -0.0505169 0.0296155
0.0410461 -0.0245361 0.0296155
0.0410461 0.00144464 0.0296155
0.0410461 0.0274253 0.0296155
0.0410461 0.0534061 0.0296155
0.0410461 0.0793868 0.0296155
0.0410461 0.105368 0.0296155
0.0410461 0.131348 0.0296155
0.0540364 -0.0635073 0.0296155
0.0540364 -0.0375265 0.0296155
0.0540364 -0.0115457 0.0296155
0.0540364 0.014435 0.0296155
0.0540364 0.0404157 0.0296155
0.0540364 0.0663965 0.0296155
0.0540364 0.0923772 0.0296155
0.0540364 0.118358 0.0296155
0.0670267 -0.0764977 0.0296155
0.0670267 -0.0505169 0.0296155
0.0670267 -0.0245361 0.0296155
0.0670267 0.00144464 0.0296155
0.0670267 0.0534061 0.0296155
0.0670267 0.0793868 0.0296155
0.0670267 0.105368 0.0296155
0.0800171 -0.0635073 0.0296155
0.0800171 -0.0375265 0.0296155
0.0800171 -0.0115457 0.0296155
0.0800171 0.0663965 0.0296155
0.0930076 -0.0505169 0.0296155
0.0930076 -0.0245361 0.0296155
-0.114838 -0.0115457 0.0426058
-0.101848 -0.0505169 0.0426058
-0.101848 -0.0245361 0.0426058
-0.101848 0.00144464 0.0426058
-0.0888577 -0.0635073 0.0426058
-0.0888577 -0.0375265 0.0426058
-0.0888577 -0.0115457 0.0426058
-0.0888577 0.014435 0.0426058
-0.0758673 -0.0764977 0.0426058
-0.0758673 -0.0505169 0.0426058
-0.0758673 -0.0245361 0.0426058
-0.0758673 0.00144464 0.0426058
-0.062877 -0.0635073 0.0426058
-0.062877 -0.0375265 0.0426058
-0.062877 -0.0115457 0.0426058
-0.0498866 -0.0764977 0.0426058
-0.0498866 -0.0505169 0.0426058
-0.0498866 -0.0245361 0.0426058
-0.0498866 0.00144464 0.0426058
-0.0368962 -0.0635073 0.0426058
-0.0368962 -0.0375265 0.0426058
-0.0368962 -0.0115457 0.0426058
-0.0239059 -0.0764977 0.0426058
-0.0239059 -0.0505169 0.0426058
-0.0239059 -0.0245361 0.0426058
-0.0239059 0.00144464 0.0426058
-0.0239059 0.0793868 0.0426058
-0.0109155 -0.0635073 0.0426058
-0.0109155 -0.0375265 0.0426058
-0.0109155 -0.0115457 0.0426058
-0.0109155 0.014435 0.0426058
-0.0109155 0.0663965 0.0426058
-0.0109155 0.0923772 0.0426058
0.0020749 -0.0764977 0.0426058
0.0020749 -0.0505169 0.0426058
0.0020749 -0.0245361 0.0426058
0.0020749 0.00144464 0.0426058
0.0020749 0.0534061 0.0426058
0.0020749 0.0793868 0.0426058
0.0020749 0.105368 0.0426058
0.0150653 -0.0635073 0.0426058
0.0150653 -0.0375265 0.0426058
0.0150653 -0.0115457 0.0426058
0.0150653 0.014435 0.0426058
0.0150653 0.0404157 0.0426058
0.0150653 0.0663965 0.0426058
0.0150653 0.0923772 0.0426058
0.0150653 0.118358 0.0426058
0.0280557 -0.0764977 0.0426058
0.0280557 -0.0505169 0.0426058
0.0280557 -0.0245361 0.0426058
0.0280557 0.00144464 0.0426058
0.0280557 0.0534061 0.0426058
0.0280557 0.0793868 0.0426058
0.0280557 0.105368 0.0426058
0.0410461 -0.0635073 0.0426058
0.0410461 -0.0375265 0.0426058
0.0410461 -0.0115457 0.0426058
0.0410461 0.014435 0.0426058
0.0410461 0.0404157 0.0426058
0.0410461 0.0663965 0.0426058
0.0410461 0.0923772 0.0426058
0.0410461 0.118358 0.0426058
0.0540364 -0.0764977 0.0426058
0.0540364 -0.0505169 0.0426058
0.0540364 -0.0245361 0.0426058
0.0540364 0.00144464 0.0426058
0.0540364 0.0534061 0.0426058
0.0540364 0.0793868 0.0426058
0.0540364 0.105368 0.0426058
0.0670267 -0.0635073 0.0426058
0.0670267 -0.0375265 0.0426058
0.0670267 -0.0115457 0.0426058
0.0670267 0.0663965 0.0426058
0.0670267 0.0923772 0.0426058
0.0800171 -0.0505169 0.0426058
0.0800171 -0.0245361 0.0426058
-0.101848 -0.0375265 0.0555962
-0.101848 -0.0115457 0.0555962
-0.0888577 -0.0505169 0.0555962
-0.0888577 -0.0245361 0.0555962
-0.0888577 0.00144464 0.0555962
-0.0758673 -0.0635073 0.0555962
-0.0758673 -0.0375265 0.0555962
-0.0758673 -0.0115457 0.0555962
-0.062877 -0.0764977 0.0555962
-0.062877 -0.0505169 0.0555962
-0.062877 -0.0245361 0.0555962
-0.062877 0.00144464 0.0555962
-0.0498866 -0.0635073 0.0555962
-0.0498866 -0.0375265 0.0555962
-0.0498866 -0.0115457 0.0555962
-0.0368962 -0.0764977 0.0555962
-0.0368962 -0.0505169 0.0555962
-0.0368962 -0.0245361 0.0555962
-0.0368962 0.00144464 0.0555962
-0.0239059 -0.0635073 0.0555962
-0.0239059 -0.0375265 0.0555962
-0.0239059 -0.0115457 0.0555962
-0.0109155 -0.0764977 0.0555962
-0.0109155 -0.0505169 0.0555962
-0.0109155 -0.0245361 0.0555962
-0.0109155 0.00144464 0.0555962
0.0020749 -0.0635073 0.0555962
0.0020749 -0.0375265 0.0555962
0.0020749 -0.0115457 0.0555962
0.0020749 0.0663965 0.0555962
0.0020749 0.0923772 0.0555962
0.0150653 -0.0764977 0.0555962
0.0150653 -0.0505169 0.0555962
0.0150653 -0.0245361 0.0555962
0.0150653 0.00144464 0.0555962
0.0150653 0.0534061 0.0555962
0.0150653 0.0793868 0.0555962
0.0150653 0.105368 0.0555962
0.0280557 -0.0635073 0.0555962
0.0280557 -0.0375265 0.0555962
0.0280557 -0.0115457 0.0555962
0.0280557 0.0663965 0.0555962
0.0280557 0.0923772 0.0555962
0.0410461 -0.0764977 0.0555962
0.0410461 -0.0505169 0.0555962
0.0410461 -0.0245361 0.0555962
0.0410461 0.00144464 0.0555962
0.0410461 0.0793868 0.0555962
0.0540364 -0.0635073 0.0555962
0.0540364 -0.0375265 0.0555962
0.0540364 -0.0115457 0.0555962
0.0670267 -0.0505169 0.0555962
0.0670267 -0.0245361 0.0555962
0.0800171 -0.0375265 0.0555962
-0.0758673 -0.0505169 0.0685866
-0.0758673 -0.0245361 0.0685866
-0.062877 -0.0635073 0.0685866
-0.062877 -0.0375265 0.0685866
-0.062877 -0.0115457 0.0685866
-0.0498866 -0.0764977 0.0685866
-0.0498866 -0.0505169 0.0685866
-0.0498866 -0.0245361 0.0685866
-0.0368962 -0.0635073 0.0685866
-0.0368962 -0.0375265 0.0685866
-0.0368962 -0.0115457 0.0685866
-0.0239059 -0.0764977 0.0685866
-0.0239059 -0.0505169 0.0685866
-0.0239059 -0.0245361 0.0685866
-0.0109155 -0.0635073 0.0685866
-0.0109155 -0.0375265 0.0685866
-0.0109155 -0.0115457 0.0685866
0.0020749 -0.0764977 0.0685866
0.0020749 -0.0505169 0.0685866
0.0020749 -0.0245361 0.0685866
0.0150653 -0.0635073 0.0685866
0.0150653 -0.0375265 0.0685866
0.0150653 -0.0115457 0.0685866
0.0280557 -0.0505169 0.0685866
0.0280557 -0.0245361 0.0685866
0.0410461 -0.0635073 0.0685866
0.0410461 -0.0375265 0.0685866
0.0410461 -0.0115457 0.0685866
0.0540364 -0.0505169 0.0685866
0.0540364 -0.0245361 0.0685866
0.0670267 -0.0375265 0.0685866
-0.0498866 -0.0375265 0.081577
-0.0368962 -0.0505169 0.081577
-0.0368962 -0.0245361 0.081577
-0.0239059 -0.0375265 0.081577
-0.0109155 -0.0505169 0.081577
-0.0109155 -0.0245361 0.081577
0.0020749 -0.0375265 0.081577
0.0150653 -0.0505169 0.081577
0.0150653 -0.0245361 0.081577
0.0280557 -0.0375265 0.081577
