0.439952 0.613971 0.38799
0.439952 0.639952 0.38799
0.452942 0.60098 0.38799
0.452942 0.626961 0.38799
0.452942 0.652942 0.38799
0.465932 0.613971 0.38799
0.465932 0.639952 0.38799
0.478923 0.60098 0.38799
0.478923 0.626961 0.38799
0.478923 0.652942 0.38799
0.491913 0.613971 0.38799
0.491913 0.639952 0.38799
0.504904 0.60098 0.38799
0.504904 0.626961 0.38799
0.504904 0.652942 0.38799
0.517894 0.613971 0.38799
0.517894 0.639952 0.38799
0.530884 0.60098 0.38799
0.530884 0.626961 0.38799
0.530884 0.652942 0.38799
0.543875 0.613971 0.38799
0.543875 0.639952 0.38799
0.556865 0.626961 0.38799
0.400981 0.639952 0.400981
0.413971 0.626961 0.400981
0.413971 0.652942 0.400981
0.426961 0.613971 0.400981
0.426961 0.639952 0.400981
0.439952 0.60098 0.400981
0.439952 0.626961 0.400981
0.439952 0.652942 0.400981
0.452942 0.58799 0.400981
0.452942 0.613971 0.400981
0.452942 0.639952 0.400981
0.465932 0.60098 0.400981
0.465932 0.626961 0.400981
0.465932 0.652942 0.400981
0.478923 0.58799 0.400981
0.478923 0.613971 0.400981
0.478923 0.639952 0.400981
0.478923 0.665932 0.400981
0.491913 0.60098 0.400981
0.491913 0.626961 0.400981
0.491913 0.652942 0.400981
0.504904 0.58799 0.400981
0.504904 0.613971 0.400981
0.504904 0.639952 0.400981
0.504904 0.665932 0.400981
0.517894 0.60098 0.400981
0.517894 0.626961 0.400981
0.517894 0.652942 0.400981
0.517894 0.730884 0.400981
0.530884 0.58799 0.400981
0.530884 0.613971 0.400981
0.530884 0.639952 0.400981
0.530884 0.665932 0.400981
0.530884 0.743875 0.400981
0.543875 0.60098 0.400981
0.543875 0.626961 0.400981
0.543875 0.652942 0.400981
0.543875 0.730884 0.400981
0.556865 0.613971 0.400981
0.556865 0.639952 0.400981
0.569855 0.60098 0.400981
0.569855 0.626961 0.400981
0.569855 0.652942 0.400981
0.38799 0.639952 0.413971
0.400981 0.626961 0.413971
0.400981 0.652942 0.413971
0.413971 0.613971 0.413971
0.413971 0.639952 0.413971
0.413971 0.665932 0.413971
0.426961 0.60098 0.413971
0.426961 0.626961 0.413971
0.426961 0.652942 0.413971
0.439952 0.58799 0.413971
0.439952 0.613971 0.413971
0.439952 0.639952 0.413971
0.439952 0.665932 0.413971
0.452942 0.60098 0.413971
0.452942 0.626961 0.413971
0.452942 0.652942 0.413971
0.465932 0.58799 0.413971
0.465932 0.613971 0.413971
0.465932 0.639952 0.413971
0.465932 0.665932 0.413971
0.478923 0.60098 0.413971
0.478923 0.626961 0.413971
0.478923 0.652942 0.413971
0.491913 0.58799 0.413971
0.491913 0.613971 0.413971
0.491913 0.639952 0.413971
0.491913 0.665932 0.413971
0.491913 0.743875 0.413971
0.504904 0.60098 0.413971
0.504904 0.626961 0.413971
0.504904 0.652942 0.413971
0.504904 0.678923 0.413971
0.504904 0.730884 0.413971
0.504904 0.756865 0.413971
0.517894 0.58799 0.413971
0.517894 0.613971 0.413971
0.517894 0.639952 0.413971
0.517894 0.665932 0.413971
0.517894 0.717894 0.413971
0.517894 0.743875 0.413971
0.517894 0.769855 0.413971
0.530884 0.60098 0.413971
0.530884 0.626961 0.413971
0.530884 0.652942 0.413971
0.530884 0.678923 0.413971
0.530884 0.704903 0.413971
0.530884 0.730884 0.413971
0.530884 0.756865 0.413971
0.530884 0.782846 0.413971
0.543875 0.58799 0.413971
0.543875 0.613971 0.413971
0.543875 0.639952 0.413971
0.543875 0.665932 0.413971
0.543875 0.717894 0.413971
0.543875 0.743875 0.413971
0.543875 0.769855 0.413971
0.556865 0.60098 0.413971
0.556865 0.626961 0.413971
0.556865 0.652942 0.413971
0.556865 0.730884 0.413971
0.556865 0.756865 0.413971
0.569855 0.58799 0.413971
0.569855 0.613971 0.413971
0.569855 0.639952 0.413971
0.569855 0.665932 0.413971
0.569855 0.743875 0.413971
0.582846 0.60098 0.413971
0.582846 0.626961 0.413971
0.582846 0.652942 0.413971
0.582846 0.730884 0.413971
0.595836 0.743875 0.413971
0.38799 0.626961 0.426961
0.38799 0.652942 0.426961
0.400981 0.613971 0.426961
0.400981 0.639952 0.426961
0.400981 0.665932 0.426961
0.413971 0.60098 0.426961
0.413971 0.626961 0.426961
0.413971 0.652942 0.426961
0.413971 0.678923 0.426961
0.426961 0.58799 0.426961
0.426961 0.613971 0.426961
0.426961 0.639952 0.426961
0.426961 0.665932 0.426961
0.439952 0.60098 0.426961
0.439952 0.626961 0.426961
0.439952 0.652942 0.426961
0.452942 0.58799 0.426961
0.452942 0.613971 0.426961
0.452942 0.639952 0.426961
0.452942 0.665932 0.426961
0.465932 0.60098 0.426961
0.465932 0.626961 0.426961
0.465932 0.652942 0.426961
0.478923 0.58799 0.426961
0.478923 0.613971 0.426961
0.478923 0.639952 0.426961
0.478923 0.665932 0.426961
0.478923 0.743875 0.426961
0.491913 0.60098 0.426961
0.491913 0.626961 0.426961
0.491913 0.652942 0.426961
0.491913 0.678923 0.426961
0.491913 0.704903 0.426961
0.491913 0.730884 0.426961
0.491913 0.756865 0.426961
0.491913 0.782846 0.426961
0.504904 0.58799 0.426961
0.504904 0.613971 0.426961
0.504904 0.639952 0.426961
0.504904 0.665932 0.426961
0.504904 0.717894 0.426961
0.504904 0.743875 0.426961
0.504904 0.769855 0.426961
0.517894 0.60098 0.426961
0.517894 0.626961 0.426961
0.517894 0.652942 0.426961
0.517894 0.678923 0.426961
0.517894 0.704903 0.426961
0.517894 0.730884 0.426961
0.517894 0.756865 0.426961
0.517894 0.782846 0.426961
0.530884 0.58799 0.426961
0.530884 0.613971 0.426961
0.530884 0.639952 0.426961
0.530884 0.665932 0.426961
0.530884 0.691913 0.426961
0.530884 0.717894 0.426961
0.530884 0.743875 0.426961
0.530884 0.769855 0.426961
0.530884 0.795836 0.426961
0.543875 0.60098 0.426961
0.543875 0.626961 0.426961
0.543875 0.652942 0.426961
0.543875 0.678923 0.426961
0.543875 0.704903 0.426961
0.543875 0.730884 0.426961
0.543875 0.756865 0.426961
0.543875 0.782846 0.426961
0.556865 0.58799 0.426961
0.556865 0.613971 0.426961
0.556865 0.639952 0.426961
0.556865 0.665932 0.426961
0.556865 0.717894 0.426961
0.556865 0.743875 0.426961
0.556865 0.769855 0.426961
0.569855 0.60098 0.426961
0.569855 0.626961 0.426961
0.569855 0.652942 0.426961
0.569855 0.730884 0.426961
0.569855 0.756865 0.426961
0.582846 0.58799 0.426961
0.582846 0.613971 0.426961
0.582846 0.639952 0.426961
0.582846 0.665932 0.426961
0.582846 0.743875 0.426961
0.595836 0.626961 0.426961
0.595836 0.730884 0.426961
0.38799 0.613971 0.439952
0.38799 0.639952 0.439952
0.38799 0.665932 0.439952
0.400981 0.60098 0.439952
0.400981 0.626961 0.439952
0.400981 0.652942 0.439952
0.400981 0.678923 0.439952
0.413971 0.58799 0.439952
0.413971 0.613971 0.439952
0.413971 0.639952 0.439952
0.413971 0.665932 0.439952
0.413971 0.691913 0.439952
0.426961 0.60098 0.439952
0.426961 0.626961 0.439952
0.426961 0.652942 0.439952
0.426961 0.678923 0.439952
0.439952 0.58799 0.439952
0.439952 0.613971 0.439952
0.439952 0.639952 0.439952
0.439952 0.665932 0.439952
0.452942 0.60098 0.439952
0.452942 0.626961 0.439952
0.452942 0.652942 0.439952
0.465932 0.58799 0.439952
0.465932 0.613971 0.439952
0.465932 0.639952 0.439952
0.465932 0.665932 0.439952
0.465932 0.743875 0.439952
0.478923 0.60098 0.439952
0.478923 0.626961 0.439952
0.478923 0.652942 0.439952
0.478923 0.678923 0.439952
0.478923 0.730884 0.439952
0.478923 0.756865 0.439952
0.491913 0.58799 0.439952
0.491913 0.613971 0.439952
0.491913 0.639952 0.439952
0.491913 0.665932 0.439952
0.491913 0.717894 0.439952
0.491913 0.743875 0.439952
0.491913 0.769855 0.439952
0.504904 0.60098 0.439952
0.504904 0.626961 0.439952
0.504904 0.652942 0.439952
0.504904 0.678923 0.439952
0.504904 0.704903 0.439952
0.504904 0.730884 0.439952
0.504904 0.756865 0.439952
0.504904 0.782846 0.439952
0.517894 0.58799 0.439952
0.517894 0.613971 0.439952
0.517894 0.639952 0.439952
0.517894 0.665932 0.439952
0.517894 0.691913 0.439952
0.517894 0.717894 0.439952
0.517894 0.743875 0.439952
0.517894 0.769855 0.439952
0.517894 0.795836 0.439952
0.530884 0.60098 0.439952
0.530884 0.626961 0.439952
0.530884 0.652942 0.439952
0.530884 0.678923 0.439952
0.530884 0.704903 0.439952
0.530884 0.730884 0.439952
0.530884 0.756865 0.439952
0.530884 0.782846 0.439952
0.543875 0.58799 0.439952
0.543875 0.613971 0.439952
0.543875 0.639952 0.439952
0.543875 0.665932 0.439952
0.543875 0.691913 0.439952
0.543875 0.717894 0.439952
0.543875 0.743875 0.439952
0.543875 0.769855 0.439952
0.543875 0.795836 0.439952
0.556865 0.60098 0.439952
0.556865 0.626961 0.439952
0.556865 0.652942 0.439952
0.556865 0.678923 0.439952
0.556865 0.704903 0.439952
0.556865 0.730884 0.439952
0.556865 0.756865 0.439952
0.556865 0.782846 0.439952
0.569855 0.58799 0.439952
0.569855 0.613971 0.439952
0.569855 0.639952 0.439952
0.569855 0.665932 0.439952
0.569855 0.717894 0.439952
0.569855 0.743875 0.439952
0.569855 0.769855 0.439952
0.582846 0.60098 0.439952
0.582846 0.626961 0.439952
0.582846 0.652942 0.439952
0.582846 0.730884 0.439952
0.582846 0.756865 0.439952
0.595836 0.613971 0.439952
0.595836 0.639952 0.439952
0.595836 0.743875 0.439952
0.608827 0.730884 0.439952
0.608827 0.756865 0.439952
0.38799 0.626961 0.452942
0.38799 0.652942 0.452942
0.38799 0.678923 0.452942
0.400981 0.613971 0.452942
0.400981 0.639952 0.452942
0.400981 0.665932 0.452942
0.400981 0.691913 0.452942
0.413971 0.60098 0.452942
0.413971 0.626961 0.452942
0.413971 0.652942 0.452942
0.413971 0.678923 0.452942
0.426961 0.58799 0.452942
0.426961 0.613971 0.452942
0.426961 0.639952 0.452942
0.426961 0.665932 0.452942
0.439952 0.60098 0.452942
0.439952 0.626961 0.452942
0.439952 0.652942 0.452942
0.439952 0.678923 0.452942
0.452942 0.58799 0.452942
0.452942 0.613971 0.452942
0.452942 0.639952 0.452942
0.452942 0.665932 0.452942
0.465932 0.60098 0.452942
0.465932 0.626961 0.452942
0.465932 0.652942 0.452942
0.465932 0.678923 0.452942
0.465932 0.730884 0.452942
0.465932 0.756865 0.452942
0.478923 0.58799 0.452942
0.478923 0.613971 0.452942
0.478923 0.639952 0.452942
0.478923 0.665932 0.452942
0.478923 0.717894 0.452942
0.478923 0.743875 0.452942
0.478923 0.769855 0.452942
0.491913 0.60098 0.452942
0.491913 0.626961 0.452942
0.491913 0.652942 0.452942
0.491913 0.678923 0.452942
0.491913 0.704903 0.452942
0.491913 0.730884 0.452942
0.491913 0.756865 0.452942
0.491913 0.782846 0.452942
0.504904 0.58799 0.452942
0.504904 0.613971 0.452942
0.504904 0.639952 0.452942
0.504904 0.665932 0.452942
0.504904 0.691913 0.452942
0.504904 0.717894 0.452942
0.504904 0.743875 0.452942
0.504904 0.769855 0.452942
0.504904 0.795836 0.452942
0.517894 0.60098 0.452942
0.517894 0.626961 0.452942
0.517894 0.652942 0.452942
0.517894 0.678923 0.452942
0.517894 0.704903 0.452942
0.517894 0.730884 0.452942
0.517894 0.756865 0.452942
0.517894 0.782846 0.452942
0.530884 0.58799 0.452942
0.530884 0.613971 0.452942
0.530884 0.639952 0.452942
0.530884 0.665932 0.452942
0.530884 0.691913 0.452942
0.530884 0.717894 0.452942
0.530884 0.743875 0.452942
0.530884 0.769855 0.452942
0.530884 0.795836 0.452942
0.543875 0.60098 0.452942
0.543875 0.626961 0.452942
0.543875 0.652942 0.452942
0.543875 0.678923 0.452942
0.543875 0.704903 0.452942
0.543875 0.730884 0.452942
0.543875 0.756865 0.452942
0.543875 0.782846 0.452942
0.556865 0.58799 0.452942
0.556865 0.613971 0.452942
0.556865 0.639952 0.452942
0.556865 0.665932 0.452942
0.556865 0.691913 0.452942
0.556865 0.717894 0.452942
0.556865 0.743875 0.452942
0.556865 0.769855 0.452942
0.556865 0.795836 0.452942
0.569855 0.60098 0.452942
0.569855 0.626961 0.452942
0.569855 0.652942 0.452942
0.569855 0.678923 0.452942
0.569855 0.704903 0.452942
0.569855 0.730884 0.452942
0.569855 0.756865 0.452942
0.569855 0.782846 0.452942
0.582846 0.58799 0.452942
0.582846 0.613971 0.452942
0.582846 0.639952 0.452942
0.582846 0.665932 0.452942
0.582846 0.717894 0.452942
0.582846 0.743875 0.452942
0.582846 0.769855 0.452942
0.595836 0.60098 0.452942
0.595836 0.626961 0.452942
0.595836 0.652942 0.452942
0.595836 0.730884 0.452942
0.595836 0.756865 0.452942
0.608827 0.743875 0.452942
0.621817 0.756865 0.452942
0.38799 0.613971 0.465932
0.38799 0.639952 0.465932
0.38799 0.665932 0.465932
0.400981 0.60098 0.465932
0.400981 0.626961 0.465932
0.400981 0.652942 0.465932
0.400981 0.678923 0.465932
0.413971 0.58799 0.465932
0.413971 0.613971 0.465932
0.413971 0.639952 0.465932
0.413971 0.665932 0.465932
0.413971 0.691913 0.465932
0.426961 0.60098 0.465932
0.426961 0.626961 0.465932
0.426961 0.652942 0.465932
0.426961 0.678923 0.465932
0.439952 0.58799 0.465932
0.439952 0.613971 0.465932
0.439952 0.639952 0.465932
0.439952 0.665932 0.465932
0.452942 0.60098 0.465932
0.452942 0.626961 0.465932
0.452942 0.652942 0.465932
0.465932 0.58799 0.465932
0.465932 0.613971 0.465932
0.465932 0.639952 0.465932
0.465932 0.665932 0.465932
0.465932 0.717894 0.465932
0.465932 0.743875 0.465932
0.478923 0.60098 0.465932
0.478923 0.626961 0.465932
0.478923 0.652942 0.465932
0.478923 0.678923 0.465932
0.478923 0.704903 0.465932
0.478923 0.730884 0.465932
0.478923 0.756865 0.465932
0.478923 0.782846 0.465932
0.491913 0.58799 0.465932
0.491913 0.613971 0.465932
0.491913 0.639952 0.465932
0.491913 0.665932 0.465932
0.491913 0.691913 0.465932
0.491913 0.717894 0.465932
0.491913 0.743875 0.465932
0.491913 0.769855 0.465932
0.491913 0.795836 0.465932
0.504904 0.60098 0.465932
0.504904 0.626961 0.465932
0.504904 0.652942 0.465932
0.504904 0.678923 0.465932
0.504904 0.704903 0.465932
0.504904 0.730884 0.465932
0.504904 0.756865 0.465932
0.504904 0.782846 0.465932
0.517894 0.58799 0.465932
0.517894 0.613971 0.465932
0.517894 0.639952 0.465932
0.517894 0.665932 0.465932
0.517894 0.691913 0.465932
0.517894 0.717894 0.465932
0.517894 0.743875 0.465932
0.517894 0.769855 0.465932
0.517894 0.795836 0.465932
0.530884 0.60098 0.465932
0.530884 0.626961 0.465932
0.530884 0.652942 0.465932
0.530884 0.678923 0.465932
0.530884 0.704903 0.465932
0.530884 0.730884 0.465932
0.530884 0.756865 0.465932
0.530884 0.782846 0.465932
0.543875 0.58799 0.465932
0.543875 0.613971 0.465932
0.543875 0.639952 0.465932
0.543875 0.665932 0.465932
0.543875 0.691913 0.465932
0.543875 0.717894 0.465932
0.543875 0.743875 0.465932
0.543875 0.769855 0.465932
0.543875 0.795836 0.465932
0.556865 0.60098 0.465932
0.556865 0.626961 0.465932
0.556865 0.652942 0.465932
0.556865 0.678923 0.465932
0.556865 0.704903 0.465932
0.556865 0.730884 0.465932
0.556865 0.756865 0.465932
0.556865 0.782846 0.465932
0.569855 0.58799 0.465932
0.569855 0.613971 0.465932
0.569855 0.639952 0.465932
0.569855 0.665932 0.465932
0.569855 0.717894 0.465932
0.569855 0.743875 0.465932
0.569855 0.769855 0.465932
0.582846 0.60098 0.465932
0.582846 0.626961 0.465932
0.582846 0.652942 0.465932
0.582846 0.678923 0.465932
0.582846 0.730884 0.465932
0.582846 0.756865 0.465932
0.595836 0.613971 0.465932
0.595836 0.639952 0.465932
0.595836 0.665932 0.465932
0.595836 0.743875 0.465932
0.608827 0.626961 0.465932
0.38799 0.626961 0.478923
0.38799 0.652942 0.478923
0.38799 0.678923 0.478923
0.400981 0.613971 0.478923
0.400981 0.639952 0.478923
0.400981 0.665932 0.478923
0.400981 0.691913 0.478923
0.413971 0.60098 0.478923
0.413971 0.626961 0.478923
0.413971 0.652942 0.478923
0.413971 0.678923 0.478923
0.426961 0.58799 0.478923
0.426961 0.613971 0.478923
0.426961 0.639952 0.478923
0.426961 0.665932 0.478923
0.439952 0.60098 0.478923
0.439952 0.626961 0.478923
0.439952 0.652942 0.478923
0.452942 0.58799 0.478923
0.452942 0.613971 0.478923
0.452942 0.639952 0.478923
0.452942 0.665932 0.478923
0.465932 0.60098 0.478923
0.465932 0.626961 0.478923
0.465932 0.652942 0.478923
0.465932 0.730884 0.478923
0.465932 0.756865 0.478923
0.478923 0.58799 0.478923
0.478923 0.613971 0.478923
0.478923 0.639952 0.478923
0.478923 0.665932 0.478923
0.478923 0.717894 0.478923
0.478923 0.743875 0.478923
0.478923 0.769855 0.478923
0.491913 0.60098 0.478923
0.491913 0.626961 0.478923
0.491913 0.652942 0.478923
0.491913 0.678923 0.478923
0.491913 0.704903 0.478923
0.491913 0.730884 0.478923
0.491913 0.756865 0.478923
0.491913 0.782846 0.478923
0.504904 0.58799 0.478923
0.504904 0.613971 0.478923
0.504904 0.639952 0.478923
0.504904 0.665932 0.478923
0.504904 0.691913 0.478923
0.504904 0.717894 0.478923
0.504904 0.743875 0.478923
0.504904 0.769855 0.478923
0.504904 0.795836 0.478923
0.517894 0.60098 0.478923
0.517894 0.626961 0.478923
0.517894 0.652942 0.478923
0.517894 0.678923 0.478923
0.517894 0.704903 0.478923
0.517894 0.730884 0.478923
0.517894 0.756865 0.478923
0.517894 0.782846 0.478923
0.530884 0.58799 0.478923
0.530884 0.613971 0.478923
0.530884 0.639952 0.478923
0.530884 0.665932 0.478923
0.530884 0.691913 0.478923
0.530884 0.717894 0.478923
0.530884 0.743875 0.478923
0.530884 0.769855 0.478923
0.530884 0.795836 0.478923
0.543875 0.60098 0.478923
0.543875 0.626961 0.478923
0.543875 0.652942 0.478923
0.543875 0.678923 0.478923
0.543875 0.704903 0.478923
0.543875 0.730884 0.478923
0.543875 0.756865 0.478923
0.543875 0.782846 0.478923
0.556865 0.58799 0.478923
0.556865 0.613971 0.478923
0.556865 0.639952 0.478923
0.556865 0.665932 0.478923
0.556865 0.691913 0.478923
0.556865 0.717894 0.478923
0.556865 0.743875 0.478923
0.556865 0.769855 0.478923
0.556865 0.795836 0.478923
0.569855 0.60098 0.478923
0.569855 0.626961 0.478923
0.569855 0.652942 0.478923
0.569855 0.678923 0.478923
0.569855 0.704903 0.478923
0.569855 0.730884 0.478923
0.569855 0.756865 0.478923
0.569855 0.782846 0.478923
0.582846 0.58799 0.478923
0.582846 0.613971 0.478923
0.582846 0.639952 0.478923
0.582846 0.665932 0.478923
0.582846 0.717894 0.478923
0.582846 0.743875 0.478923
0.582846 0.769855 0.478923
0.595836 0.60098 0.478923
0.595836 0.626961 0.478923
0.595836 0.652942 0.478923
0.38799 0.613971 0.491913
0.38799 0.639952 0.491913
0.38799 0.665932 0.491913
0.400981 0.60098 0.491913
0.400981 0.626961 0.491913
0.400981 0.652942 0.491913
0.400981 0.678923 0.491913
0.413971 0.58799 0.491913
0.413971 0.613971 0.491913
0.413971 0.639952 0.491913
0.413971 0.665932 0.491913
0.426961 0.60098 0.491913
0.426961 0.626961 0.491913
0.426961 0.652942 0.491913
0.426961 0.678923 0.491913
0.439952 0.58799 0.491913
0.439952 0.613971 0.491913
0.439952 0.639952 0.491913
0.439952 0.665932 0.491913
0.452942 0.60098 0.491913
0.452942 0.626961 0.491913
0.452942 0.652942 0.491913
0.465932 0.58799 0.491913
0.465932 0.613971 0.491913
0.465932 0.639952 0.491913
0.465932 0.665932 0.491913
0.478923 0.60098 0.491913
0.478923 0.626961 0.491913
0.478923 0.652942 0.491913
0.478923 0.678923 0.491913
0.478923 0.730884 0.491913
0.478923 0.756865 0.491913
0.491913 0.58799 0.491913
0.491913 0.613971 0.491913
0.491913 0.639952 0.491913
0.491913 0.665932 0.491913
0.491913 0.717894 0.491913
0.491913 0.743875 0.491913
0.491913 0.769855 0.491913
0.504904 0.60098 0.491913
0.504904 0.626961 0.491913
0.504904 0.652942 0.491913
0.504904 0.678923 0.491913
0.504904 0.704903 0.491913
0.504904 0.730884 0.491913
0.504904 0.756865 0.491913
0.504904 0.782846 0.491913
0.517894 0.58799 0.491913
0.517894 0.613971 0.491913
0.517894 0.639952 0.491913
0.517894 0.665932 0.491913
0.517894 0.691913 0.491913
0.517894 0.717894 0.491913
0.517894 0.743875 0.491913
0.517894 0.769855 0.491913
0.517894 0.795836 0.491913
0.530884 0.60098 0.491913
0.530884 0.626961 0.491913
0.530884 0.652942 0.491913
0.530884 0.678923 0.491913
0.530884 0.704903 0.491913
0.530884 0.730884 0.491913
0.530884 0.756865 0.491913
0.530884 0.782846 0.491913
0.543875 0.58799 0.491913
0.543875 0.613971 0.491913
0.543875 0.639952 0.491913
0.543875 0.665932 0.491913
0.543875 0.691913 0.491913
0.543875 0.717894 0.491913
0.543875 0.743875 0.491913
0.543875 0.769855 0.491913
0.543875 0.795836 0.491913
0.556865 0.60098 0.491913
0.556865 0.626961 0.491913
0.556865 0.652942 0.491913
0.556865 0.678923 0.491913
0.556865 0.704903 0.491913
0.556865 0.730884 0.491913
0.556865 0.756865 0.491913
0.556865 0.782846 0.491913
0.569855 0.58799 0.491913
0.569855 0.613971 0.491913
0.569855 0.639952 0.491913
0.569855 0.665932 0.491913
0.569855 0.717894 0.491913
0.569855 0.743875 0.491913
0.569855 0.769855 0.491913
0.582846 0.60098 0.491913
0.582846 0.626961 0.491913
0.582846 0.652942 0.491913
0.582846 0.730884 0.491913
0.595836 0.613971 0.491913
0.595836 0.639952 0.491913
0.38799 0.652942 0.504904
0.400981 0.613971 0.504904
0.400981 0.639952 0.504904
0.400981 0.665932 0.504904
0.413971 0.60098 0.504904
0.413971 0.626961 0.504904
0.413971 0.652942 0.504904
0.413971 0.678923 0.504904
0.426961 0.58799 0.504904
0.426961 0.613971 0.504904
0.426961 0.639952 0.504904
0.426961 0.665932 0.504904
0.439952 0.60098 0.504904
0.439952 0.626961 0.504904
0.439952 0.652942 0.504904
0.452942 0.58799 0.504904
0.452942 0.613971 0.504904
0.452942 0.639952 0.504904
0.452942 0.665932 0.504904
0.465932 0.60098 0.504904
0.465932 0.626961 0.504904
0.465932 0.652942 0.504904
0.478923 0.58799 0.504904
0.478923 0.613971 0.504904
0.478923 0.639952 0.504904
0.478923 0.665932 0.504904
0.478923 0.743875 0.504904
0.491913 0.60098 0.504904
0.491913 0.626961 0.504904
0.491913 0.652942 0.504904
0.491913 0.678923 0.504904
0.491913 0.730884 0.504904
0.491913 0.756865 0.504904
0.504904 0.58799 0.504904
0.504904 0.613971 0.504904
0.504904 0.639952 0.504904
0.504904 0.665932 0.504904
0.504904 0.717894 0.504904
0.504904 0.743875 0.504904
0.504904 0.769855 0.504904
0.517894 0.60098 0.504904
0.517894 0.626961 0.504904
0.517894 0.652942 0.504904
0.517894 0.678923 0.504904
0.517894 0.704903 0.504904
0.517894 0.730884 0.504904
0.517894 0.756865 0.504904
0.517894 0.782846 0.504904
0.530884 0.58799 0.504904
0.530884 0.613971 0.504904
0.530884 0.639952 0.504904
0.530884 0.665932 0.504904
0.530884 0.717894 0.504904
0.530884 0.743875 0.504904
0.530884 0.769855 0.504904
0.543875 0.60098 0.504904
0.543875 0.626961 0.504904
0.543875 0.652942 0.504904
0.543875 0.678923 0.504904
0.543875 0.704903 0.504904
0.543875 0.730884 0.504904
0.543875 0.756865 0.504904
0.543875 0.782846 0.504904
0.556865 0.58799 0.504904
0.556865 0.613971 0.504904
0.556865 0.639952 0.504904
0.556865 0.665932 0.504904
0.556865 0.717894 0.504904
0.556865 0.743875 0.504904
0.556865 0.769855 0.504904
0.569855 0.60098 0.504904
0.569855 0.626961 0.504904
0.569855 0.652942 0.504904
0.569855 0.730884 0.504904
0.569855 0.756865 0.504904
0.582846 0.613971 0.504904
0.582846 0.639952 0.504904
0.400981 0.626961 0.517894
0.400981 0.652942 0.517894
0.413971 0.613971 0.517894
0.413971 0.639952 0.517894
0.413971 0.665932 0.517894
0.426961 0.60098 0.517894
0.426961 0.626961 0.517894
0.426961 0.652942 0.517894
0.439952 0.58799 0.517894
0.439952 0.613971 0.517894
0.439952 0.639952 0.517894
0.439952 0.665932 0.517894
0.452942 0.60098 0.517894
0.452942 0.626961 0.517894
0.452942 0.652942 0.517894
0.465932 0.58799 0.517894
0.465932 0.613971 0.517894
0.465932 0.639952 0.517894
0.465932 0.665932 0.517894
0.478923 0.60098 0.517894
0.478923 0.626961 0.517894
0.478923 0.652942 0.517894
0.491913 0.58799 0.517894
0.491913 0.613971 0.517894
0.491913 0.639952 0.517894
0.491913 0.665932 0.517894
0.504904 0.60098 0.517894
0.504904 0.626961 0.517894
0.504904 0.652942 0.517894
0.504904 0.730884 0.517894
0.504904 0.756865 0.517894
0.517894 0.58799 0.517894
0.517894 0.613971 0.517894
0.517894 0.639952 0.517894
0.517894 0.665932 0.517894
0.517894 0.717894 0.517894
0.517894 0.743875 0.517894
0.517894 0.769855 0.517894
0.530884 0.60098 0.517894
0.530884 0.626961 0.517894
0.530884 0.652942 0.517894
0.530884 0.730884 0.517894
0.530884 0.756865 0.517894
0.543875 0.58799 0.517894
0.543875 0.613971 0.517894
0.543875 0.639952 0.517894
0.543875 0.665932 0.517894
0.543875 0.743875 0.517894
0.556865 0.60098 0.517894
0.556865 0.626961 0.517894
0.556865 0.652942 0.517894
0.569855 0.613971 0.517894
0.569855 0.639952 0.517894
0.582846 0.626961 0.517894
0.426961 0.613971 0.530884
0.426961 0.639952 0.530884
0.439952 0.60098 0.530884
0.439952 0.626961 0.530884
0.439952 0.652942 0.530884
0.452942 0.58799 0.530884
0.452942 0.613971 0.530884
0.452942 0.639952 0.530884
0.465932 0.60098 0.530884
0.465932 0.626961 0.530884
0.465932 0.652942 0.530884
0.478923 0.58799 0.530884
0.478923 0.613971 0.530884
0.478923 0.639952 0.530884
0.491913 0.60098 0.530884
0.491913 0.626961 0.530884
0.491913 0.652942 0.530884
0.504904 0.58799 0.530884
0.504904 0.613971 0.530884
0.504904 0.639952 0.530884
0.517894 0.60098 0.530884
0.517894 0.626961 0.530884
0.517894 0.652942 0.530884
0.530884 0.613971 0.530884
0.530884 0.639952 0.530884
0.543875 0.60098 0.530884
0.543875 0.626961 0.530884
0.543875 0.652942 0.530884
0.556865 0.613971 0.530884
0.556865 0.639952 0.530884
0.569855 0.626961 0.530884
0.452942 0.626961 0.543875
0.465932 0.613971 0.543875
0.465932 0.639952 0.543875
0.478923 0.626961 0.543875
0.491913 0.613971 0.543875
0.491913 0.639952 0.543875
0.504904 0.626961 0.543875
0.517894 0.613971 0.543875
0.517894 0.639952 0.543875
0.530884 0.626961 0.543875
